0 0.8272444615993402 0.08607066101623968 0.11698892319868044 0.055636538592063765
0 0.402560361836767 0.14509473797665262 0.11977895407749273 0.0979424377622268
0 0.5410341769596041 0.0550286128764063 0.10706835391920819 0.03617614357108563
0 0.95078125 0.09313964504420008 0.0984375 0.0496466477202705
0 0.8380923480467135 0.29814460852672875 0.11830738229073816 0.10094903859206372
0 0.4115525801000248 0.2666028850722232 0.13415970282385156 0.10994553029369403
0 0.8543729144231917 0.18790584815376654 0.12616534639736088 0.10310353444287887
0 0.9614867324490227 0.41626949172485217 0.0770265351019546 0.08151195435896633
0 0.09918530925034233 0.11353154896502597 0.12938127461060622 0.10646533278320494
0 0.961088264185765 0.18213129006517823 0.07782347162847003 0.0966633576783142
0 0.40449728338609486 0.05091868548714169 0.13086956677218975 0.050452131123530995
0 0.8394204819868044 0.5313239614311582 0.11357441818411544 0.09903134108157481
0 0.9550034002374268 0.29950804421436306 0.0899931995251464 0.0962848493799445
0 0.5441832236735341 0.27041681453608024 0.11513691818411545 0.09914974025173766
0 0.835274888096726 0.4156397618460767 0.11826191818411544 0.0993865385920639
0 0.4194489627864744 0.5111933346573048 0.13227895407749274 0.098889631123531
0 0.1072826172470434 0.23107424647551503 0.14188127461060623 0.10741252614450918
0 0.5607104602791919 0.5437242599719768 0.13852895407749272 0.09936322780418294
0 0.1303637307331631 0.4885082381771452 0.13535848997087013 0.09756392946385688
0 0.8328558964099961 0.6539918668250986 0.11201191818411545 0.09891294191141178
0 0.5578402098834806 0.3914989091421399 0.11651756175762476 0.09301813942190078
0 0.11293190901291546 0.023368490251737727 0.1446138180258309 0.04058022365499821
0 0.11601642273646202 0.3704919439860041 0.12910848997087015 0.09709033278320493
0 0.41286164515635493 0.6330799900512452 0.14013691818411544 0.10104412697434598
0 0.1346911810497322 0.6104424377622267 0.13397784639736088 0.10369553029369385
0 0.8592067624033983 0.8898468564521362 0.12331313103709682 0.11224173610255264
0 0.42768970862983935 0.39255007843352735 0.13067098997087018 0.09720873195336796