0 0.17548801555138885 0.0234375 0.11972603110277769 0.046875
0 0.6108287762018053 0.11484375 0.12497945909527744 0.0890625
0 0.46060530933083327 0.0140625 0.10871061866166656 0.028125
0 0.05106421399624996 0.02109375 0.10212842799249992 0.0421875
0 0.18932350603226805 0.23515625 0.1236903611687961 0.0921875
0 0.6159543565506477 0.2359375 0.13999886635259245 0.1
0 0.16001813190398123 0.1234375 0.13163956220555537 0.09375
0 0.07304297808703639 0.34375 0.09249914976444432 0.075
0 0.9132019204996293 0.10625 0.13503796427907416 0.096875
0 0.04941282257314794 0.109375 0.08761616013203685 0.090625
0 0.5978708634778703 0.0203125 0.1332417269557407 0.040625
0 0.21522906102777686 0.46875 0.11886616013203692 0.090625
0 0.0675462508484718 0.22734375 0.10310445909527761 0.0890625
0 0.48259505240361067 0.2296875 0.12042866013203693 0.090625
0 0.2058944343075919 0.353125 0.12355366013203684 0.090625
0 0.6365668188034712 0.48046875 0.13747945909527742 0.0890625
0 0.9187669982565737 0.2234375 0.1475379642790738 0.096875
0 0.4978556333181009 0.50234375 0.14372945909527762 0.0890625
0 0.9255609682850917 0.4796875 0.1404677580585183 0.0875
0 0.2361846929317581 0.5921875 0.11730366013203693 0.090625
0 0.48296478223407335 0.35 0.12144435598499985 0.084375
0 0.888798659849213 0.01484375 0.14634731969842604 0.0296875
0 0.9262458905281473 0.3625 0.13421775805851865 0.0875
0 0.6574541001890729 0.603125 0.14542866013203692 0.090625
0 0.932858184024768 0.6015625 0.13428363195046417 0.09375
0 0.23715859844564657 0.8265625 0.12933476842611089 0.103125
0 0.6143904394913882 0.3609375 0.1357802580585183 0.0875