0 0.1734375 0.0234375 0.115625 0.046875
0 0.60078125 0.11484375 0.1171875 0.0890625
0 0.459375 0.0140625 0.10625 0.028125
0 0.04921875 0.02109375 0.0984375 0.0421875
0 0.16875 0.23515625 0.115625 0.0921875
0 0.5953125 0.2359375 0.13125 0.1
0 0.14921875 0.1234375 0.1234375 0.09375
0 0.04296875 0.34375 0.0859375 0.075
0 0.90390625 0.10625 0.1265625 0.096875
0 0.03984375 0.109375 0.0796875 0.090625
0 0.59609375 0.0203125 0.1296875 0.040625
0 0.17421875 0.46875 0.1109375 0.090625
0 0.04765625 0.22734375 0.0953125 0.0890625
0 0.4625 0.2296875 0.1125 0.090625
0 0.175 0.353125 0.115625 0.090625
0 0.59453125 0.48046875 0.1296875 0.0890625
0 0.89921875 0.2234375 0.1390625 0.096875
0 0.45390625 0.50234375 0.1359375 0.0890625
0 0.88359375 0.4796875 0.1328125 0.0875
0 0.184375 0.5921875 0.109375 0.090625
0 0.45234375 0.35 0.1140625 0.084375
0 0.8875 0.01484375 0.14375 0.0296875
0 0.89453125 0.3625 0.1265625 0.0875
0 0.6046875 0.603125 0.1375 0.090625
0 0.8828125 0.6015625 0.13125 0.09375
0 0.16484375 0.8265625 0.1203125 0.103125
0 0.5828125 0.3609375 0.128125 0.0875