0 0.891199528324689 0.32941921267072954 0.16113387797604234 0.1021003254152828
0 0.8843589384838181 0.1579051580749377 0.14928944183801285 0.1106742890180882
0 0.07451477287680733 0.672834327574751 0.14902954575361466 0.10708821406423077
0 0.2925756300697293 0.09173092920819567 0.16244500569998319 0.1208503254152828
0 0.07989567758805481 0.40733973550203056 0.15979135517610962 0.10895110271317865
0 0.674394440577505 0.3100324552694739 0.16880426634364482 0.12281334361388012
0 0.8704928164598605 0.06441597392949652 0.15276436708027888 0.02690006631598414
0 0.28266576248524716 0.255893558757845 0.16760239926336587 0.10562584361388012
0 0.06572963476130632 0.5613763934293099 0.13145926952261264 0.09867493676633483
0 0.26250680975147106 0.4319554110095984 0.17385239926336588 0.10602636181247735
0 0.7042343959091711 0.15264025986526578 0.1682579631253363 0.11500084361388004
0 0.8710623549240081 0.48272468537283364 0.16458665990702742 0.10698808451458142
0 0.4652333359824731 0.5516728354374321 0.09106131461827509 0.23449371838316752
0 0.6739470543035895 0.4959897416666685 0.1776329631253363 0.11560162091177606
0 0.10637641409440149 0.2406726696474717 0.17192926634364492 0.12301360271317874
0 0.2573062215000841 0.5736620496585464 0.18355518119435105 0.11131463911037329
0 0.23889616702126765 0.9461216332502772 0.1743987024816745 0.10775673349944555
0 0.24572994711066745 0.7055431053340724 0.15332137797604234 0.1015996776670363
0 0.658738409479699 0.8481530189645644 0.15822739926336596 0.105025066315984
0 0.6456203224888197 0.6205193722960519 0.16033620248167466 0.11293769586563336
0 0.10066128167888366 0.07550874460132918 0.17883483020561536 0.132789120911776
0 0.6417854922832044 0.7426947609449999 0.16593063861970414 0.10396321406423077
0 0.8059197760557751 0.968601914710226 0.14863387797604233 0.06279617057954781
0 0.8188400291578682 0.8591975478036197 0.1563371173323805 0.10023743676633501
0 0.8280671997085575 0.7609102421280939 0.18086722376899794 0.11736438001107459
0 0.07444943487752186 0.8055164196474717 0.1488988697550437 0.09917558451458142
0 0.8523237905578345 0.638474037624587 0.1927116599070274 0.10879041640826922
0 0.25343355044519167 0.8198256508305656 0.16571211733238062 0.10083821406423077
0 0.0694070197747142 0.934072216223699 0.1388140395494284 0.11373873226282782
0 0.749180545172537 0.059780933831674134 0.05476390965492613 0.02684190468807692
0 0.6232711670212676 0.9610817065060916 0.15499313861970415 0.07783658698781686
0 0.877481963706414 0.5592569069952036 0.15469820767745474 0.07679993676633483
0 0.6927666542070444 0.05852002004429857 0.1675916915859112 0.03873873226282805
0 0.11696897871267653 0.010634716223699084 0.17231204257464694 0.017264250461425323