0 0.10880047167531101 0.2679563371159758 0.16113387797604237 0.0975893065307547
0 0.11564106151618189 0.09698907268800552 0.14928944183801277 0.1065277969121079
0 0.9254852271231926 0.6346328170760739 0.1490295457536149 0.10244049763774718
0 0.7074243699302707 0.05314975953382883 0.16244500569998319 0.10629951906765767
0 0.9201043224119452 0.36943440301092334 0.15979135517610957 0.10416668874473985
0 0.325605559422495 0.2549032324919868 0.16880426634364493 0.11812006134007813
0 0.12950718354013954 0.007666167060375451 0.1527643670802791 0.015332334120750902
0 0.7173342375147528 0.21224692950461116 0.1676023992633658 0.10093256134007814
0 0.9342703652386938 0.5237672389457728 0.1314592695226125 0.09430061542376222
0 0.7374931902485289 0.3885366109929569 0.17385239926336596 0.10115081614940155
0 0.29576560409082886 0.0969642469199571 0.1682579631253363 0.11030756134007816
0 0.12893764507599192 0.42153520490199065 0.16458665990702753 0.10238593393541642
0 0.5347666640175269 0.502125428956457 0.09106131461827509 0.2323065577118811
0 0.3260529456964106 0.44049599211063367 0.1776329631253363 0.11063494355406327
0 0.8936235859055985 0.20217498114122448 0.17192926634364483 0.11822918874473984
0 0.7426937784999159 0.5301065520999495 0.18355518119435105 0.1061656983633867
0 0.7611038329787323 0.9053793706116036 0.17439870248167466 0.10896331614940138
0 0.7542700528893326 0.6620559565464532 0.15332137797604234 0.09731648801910034
0 0.341261590520301 0.7923858743246189 0.15822739926336588 0.10060517912609299
0 0.35437967751118027 0.565595195831498 0.1603362024816745 0.10847224282842376
0 0.8993387183211163 0.05071175109630834 0.17883483020561536 0.10142350219261669
0 0.3582145077167955 0.6876338869384906 0.16593063861970414 0.09931549763774719
0 0.19408022394422494 0.9275297445577044 0.14863387797604238 0.09715279691210803
0 0.1811599708421318 0.7987599038135315 0.15633711733238065 0.09586311542376222
0 0.17193280029144248 0.7004042493670278 0.18086722376899797 0.11230657095872498
0 0.925550565122478 0.7670187311412244 0.14889886975504396 0.09457343393541642
0 0.14767620944216545 0.5775123863903364 0.1927116599070276 0.10336808057737183
0 0.7465664495548083 0.7758828435697618 0.1657121173323807 0.09619049763774719
0 0.9305929802252859 0.8957340081830665 0.13881403954942825 0.10890875244707061
0 0.25081945482746304 0.007817445283343808 0.054763909654926037 0.015634890566687615
0 0.37672883297873233 0.9188020413849942 0.15499313861970415 0.09893355172143145
0 0.12251803629358607 0.49772568266947204 0.15469820767745462 0.07242561542376222
0 0.3072333457929556 0.010161195283343808 0.1675916915859112 0.020322390566687616