0 0.08984375 0.27109375 0.1546875 0.0921875
0 0.10859375 0.10078125 0.1421875 0.1015625
0 0.8875 0.665625 0.159375 0.096875
0 0.70234375 0.07265625 0.1546875 0.1109375
0 0.89765625 0.40078125 0.1640625 0.0984375
0 0.30703125 0.265625 0.1609375 0.1125
0 0.12890625 0.00859375 0.1515625 0.0171875
0 0.70078125 0.23671875 0.1609375 0.0953125
0 0.9078125 0.55546875 0.15 0.0890625
0 0.70859375 0.41328125 0.1671875 0.0953125
0 0.28828125 0.10703125 0.1609375 0.1046875
0 0.09921875 0.425 0.1578125 0.096875
0 0.4984375 0.51953125 0.075 0.2296875
0 0.29453125 0.45078125 0.1703125 0.1046875
0 0.87734375 0.2328125 0.1640625 0.1125
0 0.70390625 0.5546875 0.1765625 0.1
0 0.69609375 0.9296875 0.1671875 0.103125
0 0.70625 0.68671875 0.146875 0.0921875
0 0.28515625 0.80234375 0.1515625 0.0953125
0 0.3140625 0.5765625 0.153125 0.103125
0 0.89453125 0.06875 0.1703125 0.121875
0 0.309375 0.6984375 0.159375 0.09375
0 0.12890625 0.93203125 0.1421875 0.0921875
0 0.125 0.803125 0.15 0.090625
0 0.12265625 0.7046875 0.1734375 0.10625
0 0.87734375 0.79765625 0.1578125 0.0890625
0 0.10703125 0.58125 0.1859375 0.096875
0 0.690625 0.8 0.159375 0.090625
0 0.8828125 0.9265625 0.165625 0.103125
0 0.25 0.01171875 0.053125 0.0234375
0 0.31171875 0.9296875 0.1484375 0.09375
0 0.0875 0.50078125 0.15 0.0671875
0 0.30625 0.0140625 0.165625 0.028125
0 0.8828125 0.003125 0.171875 0.00625