0 0.036094078518000276 0.8785971777912931 0.07218815703600055 0.0865556444174139
0 0.06159809730108059 0.7034699127641784 0.12319619460216118 0.09306017447164336
0 0.629836102738288 0.2993888624182771 0.15018568380210837 0.08210449375348414
0 0.016999157604654234 0.18582841569104458 0.03399831520930847 0.20021816861791084
0 0.10889354444906181 0.18369776824856848 0.08770954152049333 0.19733860831306052
0 0.4641858809129086 0.16679050673749526 0.07801620653952135 0.1894715661585828
0 0.7307977193539216 0.14102639569396022 0.09045253954332697 0.18798178903121973
0 0.1881978176064043 0.8635438286516146 0.16663835475263547 0.10250789734428026
0 0.2349294624338394 0.17671599434265925 0.08276737353571573 0.19106133723582164
0 0.9269884035759594 0.8467486339864954 0.07948586463846716 0.14886474687674217
0 0.06706153011460578 0.5456437772255589 0.13412306022921155 0.08371244554888228
0 0.2411676031953986 0.694525663058766 0.16144151878308027 0.08998062626704133
0 0.8358990548291851 0.13026109163562588 0.08101387254713259 0.18636474687674204
0 0.6278438853243518 0.539968410622879 0.1563083498097196 0.0790158551898024
0 0.6435737257053502 0.9015098986208265 0.14652217292769337 0.030532903394404443
0 0.24573438087572747 0.5632802082383057 0.16262201680591398 0.08061471662612103
0 0.6342596644875554 0.4016826154433392 0.1514298488211363 0.07430108411256367
0 0.8009935893552342 0.7568781337901036 0.14945085475263548 0.10240790339440445
0 0.444193080000875 0.4082558440715127 0.15305601581733086 0.07587267447164336
0 0.4470568003433798 0.5488308470965748 0.15500051779449714 0.08525676483072289
0 0.26697666399326386 0.4061625998270494 0.15774351581733087 0.0758999455488821
0 0.06378929148331228 0.43551934348233756 0.12757858296662455 0.07896131303532491
0 0.9644883339552077 0.3864832996775399 0.03912084980971962 0.07833407825883114
0 0.8334718028148377 0.5348667784039093 0.15480951680591418 0.08056926483072288
0 0.9665190661607106 0.4708264834207612 0.028310683802108372 0.08139544574527395
0 0.8425179030816679 0.8495832633767947 0.09740819368794007 0.1286613311856975
0 0.6330513556668566 0.6805297781093217 0.1566903517868859 0.08839085518980258
0 0.9336826388215739 0.12656794419314976 0.08882637254713259 0.18641019867214012
0 0.9392841096211892 0.6600026129092564 0.06813718775644091 0.10037270472226431
0 0.4316798566554397 0.6770149344305925 0.15656301779449713 0.08526585518980241
0 0.8225104450964528 0.6505281398402278 0.16093218281352506 0.07748062626704133