0 0.053125 0.87890625 0.10625 0.0859375
0 0.075 0.70390625 0.15 0.0921875
0 0.6421875 0.303125 0.146875 0.08125
0 0.01875 0.1859375 0.0375 0.2
0 0.11640625 0.184375 0.0796875 0.196875
0 0.47109375 0.16953125 0.0703125 0.1890625
0 0.73671875 0.1453125 0.0828125 0.1875
0 0.2234375 0.86484375 0.1625 0.1015625
0 0.2421875 0.178125 0.075 0.190625
0 0.96171875 0.85234375 0.0734375 0.1484375
0 0.07734375 0.54609375 0.1546875 0.0828125
0 0.26953125 0.69609375 0.1578125 0.0890625
0 0.84140625 0.13515625 0.0734375 0.1859375
0 0.65 0.54375 0.153125 0.078125
0 0.68046875 0.90546875 0.1453125 0.0296875
0 0.26875 0.56484375 0.159375 0.0796875
0 0.65078125 0.40546875 0.1484375 0.0734375
0 0.83203125 0.76171875 0.1453125 0.1015625
0 0.4609375 0.4109375 0.15 0.075
0 0.46953125 0.5515625 0.1515625 0.084375
0 0.28359375 0.4078125 0.1546875 0.075
0 0.071875 0.4359375 0.14375 0.078125
0 0.98046875 0.3921875 0.0359375 0.078125
0 0.85546875 0.53984375 0.1515625 0.0796875
0 0.9859375 0.4765625 0.025 0.08125
0 0.87734375 0.8546875 0.0921875 0.128125
0 0.6609375 0.684375 0.153125 0.0875
0 0.9390625 0.13203125 0.08125 0.1859375
0 0.96640625 0.665625 0.0640625 0.1
0 0.459375 0.6796875 0.153125 0.084375
0 0.84921875 0.65546875 0.1578125 0.0765625