0 0.11972453321670098 0.8813805866415991 0.11276195435896633 0.09088617328319834
0 0.1283388261584423 0.7073994311410812 0.15698555103961845 0.09917386228216234
0 0.6651569390116266 0.3330353635205074 0.15303175684847722 0.08809081306795061
0 0.032839501249399855 0.18681079528527028 0.052655093780867065 0.2017465905705406
0 0.13037735207923684 0.18979670822938638 0.09460579544054104 0.20058650496239877
0 0.4839400599626881 0.191472794042416 0.08463879958972598 0.1923373573197636
0 0.7477298728251613 0.17962572725041176 0.09702040041956295 0.1913570541766104
0 0.2889714406852338 0.8752505188161376 0.17019594606059654 0.10913105913900907
0 0.25568500539858474 0.1894050641014079 0.08944469875988892 0.19411818114108112
0 0.991981393370593 0.8971365206736552 0.01603721325881402 0.1518579065339754
0 0.11872425997197689 0.5496960930517399 0.16096265601864027 0.09001718610347993
0 0.32227808030762717 0.7086473697257605 0.1645612526992924 0.09641273531769165
0 0.8516477782191016 0.1743453759265042 0.08752700124939991 0.1893579065339753
0 0.6912029112167323 0.5740242365560366 0.15904495850815117 0.08525691149637389
0 0.7490810691094724 0.9371620913946008 0.1475620842330974 0.03645553846084475
0 0.31155130001393316 0.5773609824222075 0.1654133576783142 0.08711050992479734
0 0.6815058346573047 0.43577937385958954 0.15400226099766207 0.08035108767505647
0 0.8897508454544741 0.8004712282838691 0.15300844606059663 0.10833053846084476
0 0.4920764817528752 0.4324060090962279 0.1556831601678251 0.08198636228216234
0 0.5113261570675475 0.5734312694353101 0.1579560551888033 0.0914341368892682
0 0.3144959334125493 0.4210210911897131 0.1603706601678251 0.08220468610347993
0 0.10490836847548368 0.43928513192686947 0.1496699585081512 0.08482026385373889
0 0.9946291062284217 0.43785356595892555 0.010741787543156533 0.07979881596343467
0 0.8963756632913247 0.579687847390457 0.1576008576783142 0.0867466368892682
0 0.9421080960791741 0.8955504418899389 0.10189623195336779 0.13241870181924575
0 0.7127963365314045 0.7151586588057777 0.15975535352912934 0.09463191149637407
0 0.9490672298787756 0.17576878887062028 0.09533950124939991 0.1897217795695046
0 0.9905121365221158 0.7106360944949728 0.01897572695576848 0.10298375889134022
0 0.5108786390209155 0.701083234489122 0.15951855518880328 0.09150691149637388
0 0.8988872018833887 0.6950217489620336 0.16361405933798814 0.08391273531769165