0 0.740625 0.5234375 0.053125 0.05625
0 0.0171875 0.52578125 0.034375 0.0578125
0 0.215625 0.83828125 0.153125 0.1953125
0 0.375 0.8484375 0.121875 0.19375
0 0.9515625 0.615625 0.09375 0.09375
0 0.07578125 0.84296875 0.1515625 0.1984375
0 0.9453125 0.8109375 0.10625 0.2375
0 0.4859375 0.6453125 0.153125 0.090625
0 0.8328125 0.8265625 0.140625 0.19375
0 0.05703125 0.715625 0.1140625 0.13125
0 0.5703125 0.51953125 0.04375 0.0703125
0 0.275 0.6078125 0.08125 0.090625
0 0.10703125 0.61640625 0.0984375 0.0890625
0 0.06640625 0.53125 0.0640625 0.053125
0 0.975 0.52265625 0.046875 0.0609375
0 0.35078125 0.60859375 0.0859375 0.0953125
0 0.79609375 0.6125 0.0796875 0.078125
0 0.28125 0.73828125 0.109375 0.1265625
0 0.35 0.52734375 0.05 0.0546875
0 0.60859375 0.6015625 0.0671875 0.090625
0 0.68203125 0.528125 0.0578125 0.053125
0 0.68828125 0.60703125 0.0828125 0.1015625
0 0.99140625 0.6140625 0.0140625 0.06875
0 0.65 0.72578125 0.103125 0.1234375
0 0.296875 0.52421875 0.053125 0.0609375
0 0.19375 0.59765625 0.090625 0.0953125
0 0.6234375 0.6734375 0.1625 0.096875
0 0.16015625 0.7140625 0.1296875 0.14375
0 0.409375 0.52109375 0.046875 0.0640625
0 0.24140625 0.5265625 0.0546875 0.053125
0 0.46640625 0.525 0.0453125 0.0625
0 0.690625 0.83515625 0.134375 0.1921875
0 0.4421875 0.60234375 0.0625 0.0796875
0 0.43046875 0.7375 0.0984375 0.140625
0 0.80859375 0.6953125 0.1046875 0.10625
0 0.6703125 0.47734375 0.084375 0.0484375
0 0.4421875 0.4859375 0.05625 0.04375
0 0.01171875 0.83828125 0.0234375 0.1828125
0 0.00546875 0.7125 0.0109375 0.11875