0 0.21664717119243065 0.541574766847848 0.05771664727484325 0.05996486188449897
0 0.939893352555979 0.5945061948632313 0.039094193032477874 0.0602162341605581
0 0.7159467010290718 0.8931300931181909 0.16906821970431682 0.20602004307884983
0 0.5557426536044473 0.8921417574646939 0.13769067394668238 0.20227233020561536
0 0.02444292211051457 0.6190120799535138 0.04888584422102914 0.10030563861970414
0 0.8554078137561681 0.901539264754161 0.16776081121958591 0.19692147049167802
0 0.025654864683950424 0.8147616225281608 0.05130972936790085 0.24492972376899794
0 0.46138610209693687 0.6812592517647108 0.16052265394280313 0.10133254307885017
0 0.09971579421133081 0.8382533888718058 0.15644067394668237 0.20358345792955604
0 0.8845527930033829 0.781563798449857 0.12477634364130097 0.13922602698730663
0 0.38727853558651704 0.5495779270069772 0.049489559093554104 0.07337179802252862
0 0.6753847002801658 0.658509438659045 0.08864765394280312 0.09630655347041035
0 0.8426519486131758 0.6788487078526815 0.10570760818516867 0.09594592055068922
0 0.890228192404258 0.5965332345878867 0.06839905575957417 0.057604686390131124
0 0.004130293172560684 0.5244044202985878 0.008260586345121368 0.06421531930985207
0 0.5995396774013485 0.6539915474414509 0.09371779121570664 0.10132183540139543
0 0.15390831300726213 0.6267585139978564 0.0860647878817268 0.08369729282674854
0 0.658484629517682 0.7885411460843981 0.11970620636839743 0.13421074505632155
0 0.6069533067983442 0.5727961777632817 0.05446410151720862 0.05818384059717552
0 0.3423011333107039 0.6289322912372646 0.07458515394280311 0.09532320767745457
0 0.27485828391952705 0.550359540985163 0.06214905575957417 0.057167643815484226
0 0.262167223158983 0.6288287484105162 0.0911029742462448 0.10735331411407181
0 0.29075499557875834 0.7502556341802287 0.11320111485312827 0.13064870248167465
0 0.6603333983136134 0.5733860396477808 0.05809928454774678 0.06465236188449897
0 0.7574637477047903 0.6540347421294552 0.09840529121570647 0.10164961733238069
0 0.32159027845951527 0.6997693151224782 0.1704078369733412 0.10823810694082034
0 0.7815553387610172 0.7727900959681826 0.14142170970237727 0.15281863342392404
0 0.5480884898288825 0.5623942733041358 0.05210437606301603 0.06734031930985189
0 0.7156108296771616 0.5796085424977724 0.059024055759574166 0.0569491225281606
0 0.49073837543479615 0.5623125098104825 0.05041433030538141 0.06566855866619044
0 0.24120179254434088 0.8567898574450237 0.15006312818904782 0.20158391535490913
0 0.5086436104318867 0.6413497997872394 0.06900483363936125 0.08405792574646931
0 0.5093296523964993 0.7773255046147025 0.10991661818710803 0.14750842055068922
0 0.13464838785263175 0.7086969288485625 0.11336061151914842 0.1135704631253363
0 0.29072227104264947 0.5003977458126261 0.08832891848667064 0.05433757475773362
0 0.5181457693756595 0.5249435497872394 0.059821281213767105 0.04768338317182241
0 0.9198529510290718 0.9073886071160473 0.03836035364324033 0.18445140965492612
0 0.936370384518652 0.7820443996906944 0.02063097758022465 0.11951482450563197