0 0.22888823733993052 0.5355180847795723 0.05640118942018653 0.05872433664159917
0 0.9521892294474228 0.5715564778695843 0.03774219468185862 0.059413541356328994
0 0.7355506771130529 0.8748141027671406 0.1645006577089811 0.20244441149637424
0 0.575584142912186 0.877547342842343 0.13315965244730918 0.19942641935425698
0 0.031093292375723468 0.6178810128202816 0.062186584751446936 0.09811647642635143
0 0.8751214113280374 0.8860149301031146 0.16312016823232475 0.2054966368892682
0 0.03374858453968543 0.8134846112487051 0.06749716907937087 0.24244867328319836
0 0.4764773269295263 0.6692553457378271 0.15840330517696727 0.09775691149637389
0 0.11904571657559185 0.8343493829603268 0.15190965244730928 0.20029971463952734
0 0.901288340154293 0.759544475388385 0.12170694198043534 0.1365625463187275
0 0.3994282504941101 0.5395442669541108 0.047845236775233245 0.07235018899896399
0 0.6895989532096507 0.6415799176971179 0.08652830517696727 0.09440927956950454
0 0.8570671742704554 0.6579969379609975 0.10362479991529554 0.09364730024766903
0 0.9026519610315713 0.5747328277457499 0.0671566788968427 0.05610875889134022
0 0.009885421286683772 0.5238206437136937 0.019770842573367545 0.06312073821317572
0 0.6137722005788148 0.6388315992524838 0.09148882096198285 0.0993151033908223
0 0.16823218742463517 0.6219970862273143 0.08423776308359247 0.08183650496239885
0 0.6757500138600514 0.7717575692686944 0.11674642619541978 0.13165672249741006
0 0.619285724185751 0.5576179865560367 0.05318518415851479 0.057016287427387444
0 0.35636922425633816 0.6197925390800172 0.07246580517696728 0.09375430810555194
0 0.287208971554915 0.542934632546042 0.06090667889684287 0.055817660462916766
0 0.2763632058404866 0.6215497841176185 0.08872784200867016 0.10541955417661039
0 0.30772805595342606 0.7420827619917121 0.11031441567207612 0.12824062406898662
0 0.6725927347090946 0.5569673231976358 0.0566742052052021 0.06341183664159918
0 0.7714404874105177 0.6352079472666224 0.09617632096198285 0.09953342721213972
0 0.33733923221943307 0.6909761803125116 0.1681423262236546 0.10444355913900907
0 0.798254345415965 0.7531788513193984 0.13805998407380998 0.1497902923897861
0 0.5602747452324384 0.5486025514860141 0.050606215728545755 0.06624573821317573
0 0.7279249768165869 0.5618945717498938 0.05778167889684287 0.05567211124870504
0 0.5030159820782587 0.5498525283266502 0.048952710466874015 0.06461046360606985
0 0.2607326876363967 0.8495656222069599 0.14556864718563745 0.1984461162111039
0 0.5227299716255022 0.628324284736791 0.06714126834526439 0.08259848428423418
0 0.5265767664908874 0.764026344290085 0.10662797355046649 0.14520980024766902
0 0.15090890855602718 0.7042273893704676 0.11087585779368574 0.11112589867609249
0 0.3018853925592501 0.4926991920993359 0.08719616311182729 0.05236732878371626
0 0.5295098636200549 0.5119180347367911 0.058798147326811726 0.04636988585581072
0 0.9394569271130531 0.8843111889944548 0.0340851156156063 0.18390411910658777
0 0.9530328506776368 0.7588210374228782 0.01785389988706072 0.11925942224974104