0 0.3328125 0.16796875 0.053125 0.1609375
0 0.18515625 0.3578125 0.0453125 0.1625
0 0.0203125 0.1828125 0.040625 0.165625
0 0.72421875 0.34609375 0.0453125 0.1265625
0 0.28359375 0.346875 0.0421875 0.1375
0 0.60859375 0.73046875 0.0515625 0.1546875
0 0.71640625 0.74140625 0.0515625 0.1484375
0 0.4453125 0.74296875 0.05 0.1578125
0 0.5 0.72734375 0.04375 0.1453125
0 0.60234375 0.16015625 0.0421875 0.1328125
0 0.23203125 0.18203125 0.0484375 0.1640625
0 0.07421875 0.17578125 0.0453125 0.1640625
0 0.3375 0.7 0.040625 0.128125
0 0.65625 0.16328125 0.05 0.1546875
0 0.12734375 0.16796875 0.0453125 0.1578125
0 0.969140625 0.1703125 0.061328125 0.1640625
0 0.18203125 0.734375 0.049609375 0.17890625
0 0.237109375 0.736328125 0.06015625 0.158203125