0 0.6554419808063635 0.13300293475959596 0.0643788462971587 0.16372166327441157
0 0.7898230626014626 0.3151083485998344 0.05667560694082034 0.16487472749876275
0 0.966904004691577 0.13146925373364557 0.05220662822814397 0.16775406603337356
0 0.25158001742892566 0.33164066711959883 0.05416261213660052 0.12893722749876274
0 0.6921503871070949 0.3093297393730087 0.05180243664223276 0.13971095318850324
0 0.3403268990881389 0.7099560176399972 0.06237930372251181 0.1573897761192818
0 0.23174957458250672 0.72654373134395 0.06194226114786483 0.15113977611928178
0 0.502734063938845 0.7138988099289381 0.06103532500983526 0.16043288896415203
0 0.44913917037546236 0.7011398603584794 0.05391123986054129 0.14760534034363318
0 0.38645703402467213 0.13931596901947815 0.0514746547112475 0.13502345318850334
0 0.7552398850134079 0.14178371325372696 0.059909867584482156 0.16660100180902226
0 0.9134894275880547 0.127263110585622 0.05678486758448216 0.1664372274987628
0 0.6135512316395427 0.6652798462249851 0.049584372780262245 0.13025406603337367
0 0.33233226273734867 0.1452660758714546 0.06081680372251182 0.15730788896415207
0 0.8609107308063635 0.12223477386003359 0.05634782500983526 0.1601872274987628
0 0.027723933691555985 0.16869522868618742 0.05544786738311197 0.16728680673323398
0 0.7666162474789845 0.6915070742895748 0.062287716038353126 0.1811257780697609
0 0.7114015466744072 0.6963467215078987 0.07123254775120849 0.16155109297249554