0 0.6583846308235517 0.17961455113179517 0.061559376978364354 0.16186480032431155
0 0.7960915914752869 0.3720356505626023 0.05382876413349411 0.1632909326295599
0 0.970106702849819 0.19991300892186317 0.0493050384437538 0.16633411201270887
0 0.25764324513875997 0.35090752962473504 0.0519453595655099 0.12735343262955984
0 0.6982273015611951 0.35937991760873084 0.04939356965141819 0.13823638555165915
0 0.35312400497684104 0.7373007715070601 0.05966932835784551 0.15558752678536117
0 0.24473829489093274 0.7463563973194868 0.05934177973732648 0.14933752678536116
0 0.515750157735803 0.7526508563273706 0.05827060266810484 0.15868525324641106
0 0.4618815292871005 0.7360712824641087 0.05136550542706679 0.14607615909060953
0 0.3892628165992004 0.16709736566286154 0.04914790818602892 0.1335488855516592
0 0.7584288964273839 0.1954361943940921 0.05703565128862387 0.1649079797074605
0 0.9165689450479029 0.19194082182807642 0.053910651288623865 0.16485343262955982
0 0.6258145545018712 0.7115639805149442 0.047339746720639654 0.12883411201270895
0 0.33519279228894094 0.16928142856907477 0.05810682835784542 0.15556025324641087
0 0.8638533808235517 0.18320102150376488 0.05358310266810484 0.15860343262955987
0 0.02849723474258451 0.1708511523942692 0.05699446948516902 0.16513639559616963
0 0.7794817870890166 0.748652697640503 0.059160294973574244 0.1793849690540421
0 0.7243013031451044 0.7496444303925035 0.0684575603512787 0.1594484687495882