0 0.9630755074260302 0.8926777037574883 0.059196439925866075 0.08863737012586874
0 0.9894097626986899 0.7124583301071346 0.021180474602620337 0.07663427759440164
0 0.7701067574260302 0.8780554062423548 0.05472719473518968 0.09453217261538001
0 0.03623268819658569 0.3681822375524454 0.04686013103285878 0.09237767676456468
0 0.9763541688744739 0.15128403176680846 0.0472916622510521 0.09273287427505372
0 0.40694704771471607 0.9432595508391259 0.05267362141421188 0.08035127344521698
0 0.9657044888217087 0.972617009347277 0.0576885036281972 0.054765981305445875
0 0.8941469473518964 0.9628625784335274 0.05930556733052796 0.07427484313294527
0 0.2166444184111378 0.5587274950256226 0.05450893992586625 0.08828217261537982
0 0.1640750122353536 0.8383665282191016 0.057633939925866205 0.08851897095570571
0 0.4043999118725338 0.8480062504242074 0.05122024881887377 0.08335787427505395
0 0.029806584205568913 0.2734141892121193 0.04022818511654279 0.08096658008391255
0 0.024818950725639412 0.019022687137526872 0.04651290145127883 0.037808575934727695
0 0.9377381684111379 0.6133687120558581 0.06221231252120454 0.08574916846619499
0 0.4494842002623033 0.5771502213799131 0.048095248818873594 0.0831210759347277
0 0.34531014326821236 0.9409265336176862 0.04426092068857255 0.06257177759440183
0 0.771790797714716 0.9646134099673326 0.05122024881887359 0.07077318006533488
0 0.3337500728576416 0.5652636827878494 0.05736112141421188 0.08070647095570571
0 0.08842761605673435 0.2786354080932327 0.05412699400955021 0.07734467261537983
0 0.14536215153609683 0.36943892946385704 0.05294643992586621 0.0881637734452168
0 0.22684783074700787 0.8509149950256226 0.04760417549789597 0.06905857593472789
0 0.04607898038418816 0.8286461408717933 0.03403274881887364 0.0820554834032606
0 0.5217783848306918 0.8623549381864339 0.054618067330527965 0.09140717261538
0 0.26974459264308936 0.38353916349181744 0.054618067330527965 0.09140717261537983
0 0.8050967277674814 0.07269432263395734 0.053943455534962936 0.027463071785542813
0 0.28414197557486476 0.8404520143216544 0.05801588584218216 0.09945647095570571
0 0.6869469616102306 0.32632604026567086 0.05450893992586607 0.08828217261537982
0 0.8823909586998238 0.7018974931747447 0.054563503628197195 0.08984467261537965
0 0.9386210782151192 0.4155232079066732 0.056071439925866426 0.08840057178554268
0 0.28116579771471606 0.9337284176410023 0.04475199400955025 0.07663427759440182
0 0.1000125122353536 0.8335121622424175 0.05461806733052792 0.09140717261538
0 0.3438716396400153 0.8551074327878492 0.05450893992586625 0.08828217261538
0 0.43966518992586623 0.1174675680605652 0.05127481252120454 0.08492037427505376
0 0.33188992857793886 0.3781188802983384 0.05434524881887359 0.08359467261537983
0 0.2104514381965857 0.38138374502562256 0.051329376223535304 0.08648287427505377
0 0.225560638458889 0.9256189971002151 0.04949405771188111 0.07855197510489091
0 0.6498339521612199 0.9560895923309746 0.0516021947351895 0.0878208153380509
0 0.1534177321134687 0.5554948286340201 0.05261905771188111 0.0787887734452168
0 0.038601263964634105 0.5475737396270378 0.03839286660488851 0.07303568091374953
0 0.21342270389050033 0.6449726483449705 0.05122024881887368 0.08335787427505377
0 0.33470742684865834 0.6596173340326048 0.053055567330527964 0.09128877344521662
0 0.7122793884588889 0.9568358761491534 0.05483632213985139 0.08632824770169308
0 0.7009102910064762 0.59230623777616 0.04814981252120454 0.08468357593472771
0 0.46699417031005436 0.9446929188904022 0.05456350362819702 0.08984467261538001
0 0.8220858865599725 0.6038259234637943 0.05601687622353531 0.08683807178554268
0 0.13536582572563943 0.027399428426560818 0.058029518488487496 0.03848645731468
0 0.1432763014049452 0.0977357005221314 0.061758444735189634 0.0950649688811134
0 0.6349765115599724 0.5896476228367722 0.05465899010727604 0.09257904761537983
0 0.5720449637832242 0.5837101812377105 0.0497643953025861 0.0807152125011612
0 0.5146776524855551 0.5809215117342194 0.04658731252120454 0.08456517676456468
0 0.5234065836998237 0.6746952838297899 0.0508209447351895 0.09423617468997207
0 0.45970742684865834 0.6690892676456468 0.05951700167706005 0.09781705762586874
0 0.7012724061137522 0.6807709142283747 0.059761916037492216 0.08809583231467996
0 0.15258069036957933 0.6430894557086125 0.05973959602822543 0.09861310752213921
0 0.08705240489021682 0.5516347389020916 0.05023066769334763 0.09964572510489074
0 0.09121164259283118 0.6372704132797138 0.04883991558396752 0.0765544504160797
0 0.03954001518816948 0.630238240664334 0.03805494668632672 0.085671793828668
0 0.5870524545658815 0.9552670659816187 0.056861991309606806 0.08946586803676268
0 0.5280817204914643 0.9525514003429268 0.056566852788686006 0.09489719931414627
0 0.16171639326821236 0.927014631123531 0.06222161390494518 0.09159374356992452
0 0.10086073882170865 0.924740813487173 0.058885179558413145 0.08530225772959846
0 0.04916182956588151 0.9169273908717933 0.03736918316540572 0.08834696924358668