0 0.06084347112412107 0.8199655075218473 0.05674087939029935 0.08601170783841638
0 0.019343855877173587 0.6376674845605939 0.038687711754347175 0.0746650308788123
0 0.25381222112412105 0.8143506903539462 0.05208974082661779 0.09212531551854859
0 0.9744308107958297 0.3379911833608243 0.04426815046753809 0.090335494985435
0 0.024123301229664013 0.07663905634734844 0.04824660245932803 0.09047188730530312
0 0.6196775947588838 0.8966581073509274 0.050445427594901206 0.07801735141192552
0 0.061056573681644966 0.917599025468536 0.05518746974937898 0.08752874373179367
0 0.13222759173382173 0.9022491586172041 0.05675906010845857 0.08913670783841639
0 0.799180305040293 0.5204041812492533 0.05205337939029917 0.08587531551854859
0 0.8600258596878024 0.8029606169843462 0.05517837939029917 0.08596624373179367
0 0.6194508566627406 0.8013683394042388 0.048901108313060604 0.08109688730530315
0 0.9781057775201465 0.24336900514757892 0.03795451795398108 0.07921613855894431
0 0.9756812560501242 0.0033209474800822564 0.04551248789975162 0.006641894960164513
0 0.07808655504029302 0.5413858664556206 0.059847698672140126 0.08297763605166182
0 0.5663632598607532 0.5279595831360326 0.04577610831306043 0.08100595909205772
0 0.6813827092202643 0.8972060251393316 0.042532933645025396 0.06060253087881264
0 0.2548338447588838 0.9072739762473236 0.048901108313060514 0.0810968873053028
0 0.6820064405789126 0.5214702392459543 0.0551329275949012 0.07815374373179385
0 0.9195074823406066 0.24585515914592948 0.05198974687674216 0.0749378155185485
0 0.8650967174116879 0.334142420824412 0.05049087939029917 0.08582985141192578
0 0.7974804078924045 0.8125916812492532 0.04569429508134384 0.06694345909205772
0 0.9779991548673423 0.7987468269343335 0.0317136083130606 0.08059678213245362
0 0.5022315404059619 0.8102468974009399 0.05207156010845857 0.08900031551854859
0 0.740850696334449 0.3424443173009151 0.05207156010845857 0.08900031551854841
0 0.19524432230690286 0.00926368824237522 0.053261355386194253 0.01852737648475044
0 0.7397542663036608 0.7994301031942925 0.05524201190385654 0.09690374373179367
0 0.32105634680198725 0.26561166198241637 0.052053379390299345 0.0858753155185485
0 0.13613942867505577 0.6326497124572701 0.05206246974937896 0.08743781551854841
0 0.07142853064340449 0.343175686988734 0.05361587939029935 0.08592077962517113
0 0.7454588447588838 0.8929982467678016 0.04261474687674198 0.07466503087881264
0 0.9240883596878027 0.8010965886128162 0.05207156010845857 0.08900031551854823
0 0.6803201789696434 0.8113139892459543 0.052053379390299345 0.08587531551854859
0 0.5627903706097006 0.06798518956252346 0.04891019867214012 0.08265938730530312
0 0.6784097836684666 0.3341066315658224 0.05202610831306061 0.0811878155185485
0 0.8002120607958296 0.34306043124925323 0.04891928903121965 0.08422188730530315
0 0.8009503206565828 0.8874780209826966 0.047311337235821684 0.07636392319868043
0 0.37672248029750327 0.9013840259307544 0.048964740826617795 0.09203438730530315
0 0.8624524646812134 0.5201253849310346 0.05043633723582168 0.07645485141192587
0 0.9772916695016736 0.5175650230942676 0.03634656615858276 0.07135817445232177
0 0.8049257901113742 0.6069410748227625 0.048901108313060604 0.08109688730530315
0 0.6838002238545956 0.6159332930860202 0.05050906010845857 0.08895485141192587
0 0.3142315706565829 0.9016400901956617 0.05210792154477702 0.0952503155185486
0 0.31482348575845226 0.5313730543022844 0.04578519867214013 0.08256845909205772
0 0.559539525477043 0.8952834754559007 0.052062469749379045 0.08743781551854823
0 0.19371610021983282 0.5372402725655421 0.05360678903121974 0.08435827962517131
0 0.8651343810501242 0.00496423657344517 0.05703478910486659 0.00992847314689034
0 0.8592588374813113 0.062092750330869716 0.05912099082661797 0.09232990399835055
0 0.38082547521983284 0.531795945797476 0.05207837787776839 0.09017219051854859
0 0.44372291798914254 0.5287941405059132 0.047519148979556114 0.07851804371200828
0 0.5011357026300629 0.5286858345875297 0.044222698672140126 0.082522994985435
0 0.4951238036750558 0.6222043339607091 0.04818349082661797 0.0920116552519918
0 0.5588002238545956 0.6195704216158348 0.05679428524989216 0.09519139533841639
0 0.31704198288068397 0.6199653671156946 0.057323408005644436 0.0854428193783999
0 0.8658473819829847 0.607902349664478 0.056994142929431744 0.09597832835174422
0 0.9288518969119035 0.5193650353995707 0.04743405708339665 0.09745767319868044
0 0.9271823247522946 0.6049460084795377 0.0467140367869721 0.07439374915869693
0 0.9787630054704539 0.6003206929609892 0.035639175326105034 0.08403075489901042
0 0.43959492457934407 0.9026790956391917 0.05423590573684791 0.09179720366515483
0 0.49857702698957407 0.9013534506141851 0.053861188865237254 0.09452021263849915
0 0.8649764592202643 0.8918639926111667 0.059686475018688866 0.08883132803833398
0 0.9259003236816451 0.8924346424528821 0.05652624987725545 0.0826857123250889
0 0.9774855495793441 0.8870280769343335 0.03487383345449402 0.08674239784569907