0 0.065625 0.821875 0.05625 0.084375
0 0.02109375 0.63828125 0.0421875 0.0734375
0 0.25859375 0.821875 0.0515625 0.090625
0 0.9765625 0.36640625 0.04375 0.0890625
0 0.02421875 0.07734375 0.0484375 0.0890625
0 0.625 0.91484375 0.05 0.0765625
0 0.06640625 0.91953125 0.0546875 0.0859375
0 0.1375 0.90625 0.05625 0.0875
0 0.80234375 0.54375 0.0515625 0.084375
0 0.86484375 0.828125 0.0546875 0.084375
0 0.62421875 0.81953125 0.0484375 0.0796875
0 0.9796875 0.271875 0.0375 0.078125
0 0.97578125 0.0171875 0.0453125 0.034375
0 0.08125 0.54375 0.059375 0.08125
0 0.56953125 0.54453125 0.0453125 0.0796875
0 0.68671875 0.9171875 0.0421875 0.059375
0 0.26015625 0.91484375 0.0484375 0.0796875
0 0.68515625 0.54140625 0.0546875 0.0765625
0 0.92109375 0.27265625 0.0515625 0.0734375
0 0.8671875 0.359375 0.05 0.084375
0 0.80234375 0.8359375 0.0453125 0.065625
0 0.9828125 0.82734375 0.03125 0.0796875
0 0.50703125 0.825 0.0515625 0.0875
0 0.74296875 0.3640625 0.0515625 0.0875
0 0.1953125 0.01171875 0.053125 0.0234375
0 0.74453125 0.82109375 0.0546875 0.0953125
0 0.32265625 0.275 0.0515625 0.084375
0 0.13984375 0.63671875 0.0515625 0.0859375
0 0.0734375 0.3453125 0.053125 0.084375
0 0.75078125 0.91484375 0.0421875 0.0734375
0 0.92890625 0.828125 0.0515625 0.0875
0 0.68515625 0.83125 0.0515625 0.084375
0 0.56328125 0.084375 0.0484375 0.08125
0 0.68046875 0.35390625 0.0515625 0.0796875
0 0.80234375 0.36640625 0.0484375 0.0828125
0 0.80625 0.9109375 0.046875 0.075
0 0.38203125 0.9125 0.0484375 0.090625
0 0.865625 0.5453125 0.05 0.075
0 0.98046875 0.54609375 0.0359375 0.0703125
0 0.80859375 0.63046875 0.0484375 0.0796875
0 0.6875 0.6359375 0.05 0.0875
0 0.31953125 0.9109375 0.0515625 0.09375
0 0.31796875 0.540625 0.0453125 0.08125
0 0.56484375 0.91171875 0.0515625 0.0859375
0 0.196875 0.54296875 0.053125 0.0828125
0 0.865234375 0.0171875 0.056640625 0.033984375
0 0.859765625 0.087109375 0.05859375 0.090625
0 0.383984375 0.54296875 0.0515625 0.08828125
0 0.446875 0.541796875 0.047265625 0.076953125
0 0.504296875 0.543359375 0.04375 0.08125
0 0.498828125 0.63671875 0.04765625 0.090625
0 0.5625 0.6359375 0.05625 0.093359375
0 0.320703125 0.629296875 0.056640625 0.083984375
0 0.86953125 0.633203125 0.056640625 0.094140625
0 0.93203125 0.546484375 0.046875 0.09609375
0 0.930859375 0.63203125 0.046484375 0.07265625
0 0.982421875 0.62890625 0.03515625 0.083203125
0 0.444921875 0.915625 0.053515625 0.08984375
0 0.50390625 0.916015625 0.053515625 0.09296875
0 0.8703125 0.9171875 0.058984375 0.08671875
0 0.93125 0.91953125 0.055859375 0.080859375
0 0.9828125 0.915625 0.034375 0.085546875