0 0.30390625 0.3274605192401908 0.0734375 0.2326798488211364
0 0.034375 0.3306305760837234 0.065625 0.25423651384016444
0 0.0359375 0.632910659087529 0.06875 0.25905134783255335
0 0.2125 0.3288412885175627 0.08125 0.26581068380210837
0 0.5078125 0.5972769762368227 0.075 0.25149351581733087
0 0.409375 0.3122254969970694 0.075 0.23586851581733076
0 0.70546875 0.5884418512182322 0.0828125 0.2533743507983027
0 0.41171875 0.6035362465027779 0.0765625 0.23749468281352507
0 0.70078125 0.31832035220681537 0.0828125 0.24712435079830275
0 0.11875 0.6139113082892262 0.08125 0.22518568380210838
0 0.51171875 0.3158678087463368 0.0703125 0.24505251482874763
0 0.11953125 0.325598224791129 0.0828125 0.24243685079830274
0 0.8 0.29630874794847156 0.08125 0.23299818380210838
0 0.209375 0.6117811225099515 0.075 0.24368101581733087
0 0.60625 0.3127972054765761 0.078125 0.24693334980971954
0 0.90078125 0.2922022266939333 0.0796875 0.226684516805914
0 0.80625 0.571054079963694 0.084375 0.26125051779449715