0 0.288077772954476 0.3610949451922075 0.08413536724456101 0.23482275025210148
0 0.028790625931013412 0.33443498416055817 0.057581251862026825 0.25615144703379283
0 0.023366763648851104 0.6368879948042199 0.04673352729770221 0.26105746832111637
0 0.19678068486513478 0.352359447537996 0.09347613399378404 0.26818155347041017
0 0.4790301428896334 0.6534784591900639 0.08657116252983137 0.25368201089576325
0 0.39405594520421705 0.35753253863937456 0.08584341645877273 0.23805701089576328
0 0.6767227801931863 0.6665186806132735 0.09445643713693723 0.2557908141140718
0 0.3828272309789746 0.6491026796048672 0.0874786910658786 0.2397287715394249
0 0.6846252872224996 0.39587839868228814 0.0941653387085136 0.24954081411407197
0 0.08993125558608048 0.6270538089182919 0.09158399420903177 0.22755655347041034
0 0.4960358221686877 0.37250161079921823 0.08159256410140792 0.24710422896477802
0 0.10413942059711116 0.33882718924012273 0.09394701488719619 0.244853314114072
0 0.7846809452042172 0.38484769955480835 0.09194786724456101 0.23536905347041026
0 0.1804834809789746 0.6349534262506725 0.08620728949430205 0.24586951089576328
0 0.5905306848651348 0.3798931297407532 0.08947783870851378 0.2492130321830867
0 0.885462195204217 0.39189501107099023 0.09009426881613791 0.22900979282674855
0 0.7781226143535861 0.6602847421294553 0.09638281017246655 0.26371257475773363