0 0.69609375 0.33984375 0.0734375 0.2296875
0 0.965625 0.33203125 0.065625 0.2515625
0 0.9640625 0.634375 0.06875 0.25625
0 0.7875 0.3375 0.08125 0.2625
0 0.4921875 0.61796875 0.075 0.2484375
0 0.590625 0.32890625 0.075 0.2328125
0 0.29453125 0.6171875 0.0828125 0.25
0 0.58828125 0.6203125 0.0765625 0.234375
0 0.29921875 0.346875 0.0828125 0.24375
0 0.88125 0.61875 0.08125 0.221875
0 0.48828125 0.33671875 0.0703125 0.2421875
0 0.88046875 0.33046875 0.0828125 0.2390625
0 0.2 0.32890625 0.08125 0.2296875
0 0.790625 0.6203125 0.075 0.240625
0 0.39375 0.3375 0.078125 0.24375
0 0.09921875 0.32890625 0.0796875 0.2234375
0 0.19375 0.60390625 0.084375 0.2578125