0 0.7059821931904331 0.33984375 0.08012072367353404 0.2296875
0 0.9694068810370968 0.33203125 0.06118623792580635 0.2515625
0 0.7973429790838106 0.33828125 0.0889334340192331 0.2640625
0 0.8885219085506971 0.33046875 0.09289350831326999 0.2390625
0 0.6009991764973857 0.3296875 0.0833821159934022 0.234375
0 0.20957019444407438 0.32890625 0.08793322367353414 0.2296875
0 0.49886001497718785 0.33671875 0.07883100831327035 0.2390625
0 0.3092890496169239 0.34609375 0.08995036473976095 0.2453125
0 0.10959292649738572 0.3296875 0.08467183135366607 0.225
0 0.4035475149771878 0.33671875 0.08526286473976086 0.2453125
0 0.8864148731195381 0.01640625 0.12282974623907635 0.0328125