0 0.69609375 0.3682073968046014 0.0734375 0.2326798488211365
0 0.965625 0.3713774536481339 0.065625 0.25423651384016444
0 0.7875 0.3703694160819733 0.08125 0.2673731838021084
0 0.87890625 0.3662814353593452 0.0859375 0.2425641847906915
0 0.59140625 0.3537854580595772 0.0765625 0.23749468281352523
0 0.2 0.3370556255128821 0.08125 0.23299818380210838
0 0.4890625 0.35664651980884454 0.071875 0.24199118182494211
0 0.29921875 0.358285979771226 0.0828125 0.24868685079830274
0 0.1 0.33376218775644106 0.078125 0.22818334980971952
0 0.39375 0.35276283304098666 0.078125 0.24849584980971962
0 0.8859375 0.05250543684221998 0.121875 0.037778525703162535