0 0.7752326777561587 0.6727115605912605 0.09372804203601817 0.2175556811410811
0 0.9093937728079181 0.7489379586481804 0.04861244872768502 0.07540241439185813
0 0.18427761267588133 0.8729665033097689 0.08994007775694421 0.12089900496239885
0 0.48915918524902924 0.7498371025667618 0.09060445909527762 0.09291955417661057
0 0.017601854288056266 0.7665111038051069 0.03520370857611253 0.06108735731976367
0 0.7435279501882874 0.19023085442878868 0.10263415033009231 0.23041955417661045
0 0.9737410049009723 0.03000194561850178 0.04704994872768502 0.06000389123700356
0 0.6017211590007412 0.18360848097897461 0.09929453685222178 0.21003427956950457
0 0.4150080772377791 0.6902673575291606 0.09964585136685145 0.23183650496239866
0 0.8995318168237038 0.029732271921018717 0.07593636635259245 0.059464543842037434
0 0.398887267860463 0.039850096361508824 0.07722546427907391 0.07970019272301765