0 0.15835934143923414 0.7088823019491646 0.07624537919390759 0.21537162986961622
0 0.018889337923192702 0.7941630572241705 0.037778675846385404 0.07417388555165907
0 0.7331315615813965 0.8722695028459644 0.08036927693097126 0.11857845048646745
0 0.4384553867169698 0.7680492017075785 0.0833306504675381 0.09050799756436803
0 0.9306792481532883 0.7532080369382215 0.07064884328594587 0.05903980925276535
0 0.23540519311299524 0.2216493088490235 0.08413060206654457 0.22800799756436801
0 0.020221596409203825 0.06761419399364557 0.04044319281840765 0.07414661201270885
0 0.378451211165172 0.2058725300350674 0.08244992739850954 0.20766822402541774
0 0.5185110462596944 0.7033770012211112 0.08101469242562409 0.22951595048646745
0 0.09580285850945222 0.0494545292209932 0.06776928298109555 0.0989090584419864
0 0.9652628055312723 0.8510318823118389 0.056586343285945875 0.05879434740221221
0 0.5965931988685318 0.043528262988938804 0.06931360226293641 0.08705652597787761