0 0.9410590535355297 0.24582739647976576 0.10409227767481397 0.12301183674699834
0 0.9375918023544034 0.7422928728022425 0.12481639529119307 0.30046897881213824
0 0.46467760280989034 0.20092879430068772 0.07440477767481432 0.12128273677523316
0 0.7994991023465542 0.7467011097892371 0.159821466419554 0.2899865051204976
0 0.6469444657865819 0.19595140991629406 0.08174605172143128 0.15289675782192055
0 0.21077135280989046 0.18614043927901225 0.09181053248413758 0.12853379465362352
0 0.6335467201325692 0.7276795520520212 0.1364186827542902 0.2449624314570915
0 0.028313516875040988 0.18564907366340588 0.04789684137714505 0.12129814732681177
0 0.8737996647829409 0.5077743886578452 0.13692462504240907 0.17014444198043535
0 0.7510516124285372 0.2300827571866361 0.09573414065150558 0.10693181043863911
0 0.11282492613086811 0.19446960779368574 0.10085815027015248 0.1197048262236546
0 0.4952927188666248 0.47481361533325767 0.11279764427970278 0.19368835779368573
0 0.3309475097882829 0.6804280365493542 0.15269844718226028 0.26462248407381017
0 0.6255977777596321 0.47772505468285703 0.11824903611233459 0.2158363735787013
0 0.0650496912766286 0.6571446420651399 0.09430559382421577 0.28928928413027977
0 0.2363170229503088 0.44881474452656656 0.139251016875041 0.19211044724210707
0 0.7476091870154594 0.48872971509326135 0.1367262176006804 0.20911593671876344
0 0.35701146886662477 0.46675964967529904 0.12976688947037918 0.18843941567207612
0 0.3358804802145522 0.19654586021276016 0.09137402286549072 0.11603379465362354
0 0.05091523628981992 0.4309993710184525 0.07814982576804844 0.18387374203690499
0 0.9619345487262064 0.5087292148814997 0.0761309025475871 0.17072129465362346
0 0.12085571405730136 0.4467678551628498 0.15789188947037927 0.19007751038216938
0 0.48739840643023824 0.7176080600857032 0.1437252404661713 0.32023544724210706
0 0.20875000662342194 0.06127694717151999 0.23850199400955016 0.08717929451244921
0 0.16503233310926058 0.6847984761813024 0.18983634863353918 0.3010906050922625