0 0.934375 0.19140625 0.1 0.1171875
0 0.92734375 0.68828125 0.1421875 0.2921875
0 0.45859375 0.17421875 0.0703125 0.1171875
0 0.775 0.7015625 0.15 0.28125
0 0.64140625 0.15859375 0.0765625 0.1484375
0 0.2046875 0.17421875 0.0875 0.1234375
0 0.609375 0.6921875 0.128125 0.2375
0 0.021875 0.184375 0.04375 0.11875
0 0.8578125 0.4578125 0.13125 0.1625
0 0.74453125 0.18671875 0.0921875 0.1015625
0 0.10625 0.18828125 0.096875 0.1140625
0 0.4796875 0.446875 0.10625 0.1875
0 0.3078125 0.6625 0.14375 0.25625
0 0.61015625 0.4421875 0.1109375 0.209375
0 0.0421875 0.6546875 0.084375 0.284375
0 0.22109375 0.4359375 0.1328125 0.184375
0 0.73203125 0.44609375 0.1296875 0.2015625
0 0.34140625 0.446875 0.1234375 0.18125
0 0.3296875 0.17734375 0.0875 0.1109375
0 0.0359375 0.42890625 0.071875 0.1796875
0 0.9546875 0.453125 0.0875 0.165625
0 0.10546875 0.440625 0.1515625 0.18125
0 0.46328125 0.690625 0.1328125 0.3125
0 0.20703125 0.04921875 0.2359375 0.0734375
0 0.14140625 0.6765625 0.1796875 0.290625