0 0.054476855445198494 0.1959951970337929 0.10682539462538868 0.12418018119435104
0 0.056085587099934185 0.6933618699302707 0.11217117419986837 0.30213021857321787
0 0.5312591633235888 0.21207756302879116 0.07713789462538863 0.1221042289647781
0 0.18413863750933976 0.7172960326872898 0.16638094710093282 0.29173902179152655
0 0.34935671594030737 0.1836690677203682 0.08520799985882573 0.153791271539425
0 0.7851654133235889 0.22983241762382312 0.09468941567207612 0.12955609604505716
0 0.3503096690793709 0.7195026609154338 0.1419577997741211 0.24645937278026225
0 0.967386379122722 0.25277216293224614 0.05066639988706072 0.12180929802252863
0 0.11552295833014822 0.46775521857321783 0.1407145472138723 0.17167789406758588
0 0.24459362123021405 0.20458286523869368 0.09810284200867017 0.10800887797604233
0 0.8827838659685423 0.25077833817451245 0.1035183841020448 0.12083665990702759
0 0.4942849951618512 0.48325879433935776 0.11717063140062187 0.19492972376899792
0 0.6536012690511359 0.7109024651421485 0.15867486291418337 0.26630197921687965
0 0.3640892609468667 0.4694480305936029 0.12313220506402774 0.21713250569998319
0 0.9196812953594952 0.7216642745646435 0.10093795762427646 0.2902750747577336
0 0.7535157819935542 0.49040393086537487 0.14355112087727803 0.1936621547112475
0 0.24198674779268708 0.4648319503879875 0.14142717875566851 0.21063113342392406
0 0.6325662451618511 0.4929283613034213 0.13399411035393455 0.18988159084927717
0 0.6599834028002451 0.2242165661308843 0.09396137357870131 0.11705609604505715
0 0.9390815556710773 0.49632006713929055 0.08234060509226282 0.18471348960843983
0 0.03374712649188589 0.45629355866619026 0.06749425298377178 0.17174359604505723
0 0.8688677662085386 0.5031767184963434 0.16211911035393456 0.19184828243518837
0 0.4964944243410427 0.728156031097806 0.15101355233436992 0.3217871547112473
0 0.7901020842573367 0.10466852665833053 0.2402147472985769 0.08993585719292199
0 0.8191884716960892 0.7366012236921234 0.19661447867096413 0.3031899740210996