0 0.5056452423192537 0.1796152557959269 0.08507222099021768 0.07273345391148131
0 0.10573478953312603 0.052930927426852056 0.09775423151356133 0.07695206220555537
0 0.3695224006635194 0.6617722278506952 0.0999537683452643 0.08802626324231469
0 0.4793979296027146 0.6436094052775474 0.09637374203690499 0.07994036116879606
0 0.07089372681658687 0.5176769326106484 0.10069722099021765 0.07410046427907382
0 0.49869875035293576 0.32557230475916765 0.09766322625188942 0.07538956220555537
0 0.8223189899001794 0.37420883703972385 0.10051521046687384 0.0709754642790739
0 0.09005949772209992 0.3621008758717132 0.09619173151356135 0.07681536116879614
0 0.39253902659070794 0.25324682836907486 0.08783319994353027 0.06675685598499985
0 0.8271947476515127 0.223769339631622 0.09904371572854594 0.07240126324231459
0 0.8205792685570257 0.07044884999921457 0.08599768415851479 0.06193265494824059
0 0.3762722005788148 0.572573026813936 0.09628273677523325 0.07837786116879605
0 0.7247999768165869 0.4604675487268996 0.09270271046687402 0.0702919590952776
0 0.46218106654735697 0.752378812534862 0.09637374203690499 0.07994036116879606
0 0.3894609872693434 0.4128562742220378 0.09123121572854576 0.0717177580585183
0 0.71817897951801 0.5341101002820385 0.09739021046687402 0.07070206220555537
0 0.39557375035293585 0.3345945731852786 0.08810621572854575 0.07144435598499985
0 0.17815176094686672 0.4243480147029171 0.10189569994353027 0.06798716531583313
0 0.16946846373299443 0.5867796641845374 0.09739021046687397 0.07070206220555537
0 0.48059495050822765 0.48960541046134354 0.06733868942018653 0.0618547425071295
0 0.81817897951801 0.525361233929446 0.09739021046687384 0.07070206220555537
0 0.5032035108056924 0.2482285547591677 0.08783319994353037 0.06675685598499985
0 0.15784144801856603 0.6663010688499541 0.0927937157285458 0.07185445909527761
0 0.15931367178079398 0.7477855147029171 0.08939569994353028 0.06689355702175917