0 0.48386811203054403 0.18571590664856313 0.08201361600890866 0.07225737939699584
0 0.8913522533418178 0.014000145438675459 0.09454997867599957 0.028000290877350918
0 0.5979617154280411 0.6495077264929628 0.09623974801081765 0.08746779121570683
0 0.48848671809354116 0.6498421795273803 0.09302384134309047 0.07940019970043757
0 0.9045646094048149 0.4532236893601421 0.09763861600890848 0.07353283697334127
0 0.48400556671704315 0.3319372024061976 0.0945317973424542 0.07484024545807211
0 0.15678054272754266 0.4360655615094501 0.09760225334181775 0.07040783697334127
0 0.8926084073838159 0.2993652367847667 0.09298747867599957 0.07627519970043757
0 0.5939885467059073 0.24085020361414564 0.08506589067472703 0.06626247091226496
0 0.15893229404040726 0.2849654471153637 0.09605793467536321 0.07184279121570665
0 0.17275734201940818 0.12900248953901838 0.08344884667409058 0.06144742515463038
0 0.5953628794159508 0.5605727722505975 0.0930056600095451 0.07783769970043757
0 0.2506583594048149 0.5066015889301952 0.08978975334181775 0.06977010818516849
0 0.5006787301081769 0.7567618592239386 0.09302384134309047 0.07940019970043757
0 0.5896021333943153 0.4015166366446838 0.0882454346753633 0.07120506242753386
0 0.25385663208145076 0.5798477702937435 0.09447725334181775 0.07015274545807201
0 0.5871305667170431 0.32351918240231836 0.0851204346753633 0.07094997091226496
0 0.8012390673933609 0.37720293648520425 0.09912839067472703 0.06741038273097573
0 0.8023486760820872 0.5397667093640216 0.09447725334181775 0.07015274545807201
0 0.49449926607254213 0.49451695073920765 0.06471702800763594 0.06147937606301603
0 0.15385663208145078 0.5880106987823537 0.09447725334181781 0.07015274545807201
0 0.48310559070654363 0.2545934524061977 0.08506589067472685 0.06626247091226496
0 0.810298083426132 0.6180990034546661 0.0898079346753633 0.07133260818516848
0 0.8050026034372678 0.7006404364852042 0.08662839067472702 0.06639001666989941