0 0.48125 0.225 0.08125 0.065625
0 0.890625 0.0625 0.09375 0.06875
0 0.58984375 0.69765625 0.0953125 0.0796875
0 0.48046875 0.6890625 0.0921875 0.071875
0 0.8984375 0.5265625 0.096875 0.065625
0 0.4796875 0.37109375 0.09375 0.0671875
0 0.1515625 0.4484375 0.096875 0.0625
0 0.88828125 0.371875 0.0921875 0.06875
0 0.590625 0.2890625 0.084375 0.059375
0 0.15546875 0.29765625 0.0953125 0.0640625
0 0.17109375 0.14296875 0.0828125 0.0546875
0 0.58828125 0.60859375 0.0921875 0.0703125
0 0.24453125 0.5265625 0.0890625 0.0625
0 0.49140625 0.796875 0.0921875 0.071875
0 0.584375 0.44921875 0.0875 0.0640625
0 0.246875 0.6 0.09375 0.0625
0 0.5828125 0.37109375 0.084375 0.0640625
0 0.79609375 0.4421875 0.0984375 0.059375
0 0.7953125 0.6046875 0.09375 0.0625
0 0.48828125 0.534375 0.0640625 0.05625
0 0.146875 0.6 0.09375 0.0625
0 0.4796875 0.29375 0.084375 0.059375
0 0.80234375 0.68359375 0.0890625 0.0640625
0 0.79609375 0.765625 0.0859375 0.059375