0 0.8948098858272919 0.3917086888792575 0.08655966831236128 0.23523345391148132
0 0.2589633048052433 0.33997761691824024 0.06995274335048629 0.1916789435438888
0 0.18699738582729192 0.32978311922731446 0.07376872758291686 0.22163984561740727
0 0.10827297378319471 0.330692216870972 0.08528810904180575 0.2475967528747221
0 0.8108894807170488 0.40385808289425773 0.06435735999173638 0.21925713939685174
0 0.42193608349059053 0.3745070247412029 0.06413915444465293 0.20988213939685174
0 0.34772190596326435 0.6026915218664808 0.06998911094166686 0.19324144354388864
0 0.7344178996950003 0.40106598209305416 0.07064372758291686 0.22136644354388882
0 0.3389235617390975 0.3586681197929623 0.07035278685347243 0.2088664435438888
0 0.2664537221676741 0.5948018179549995 0.06348453780340294 0.18175713939685173
0 0.9120207953059379 0.6621968461365724 0.08078244699770849 0.25499914976444416
0 0.8300622804882991 0.6581450417067114 0.06940853590354194 0.2352922425071295
0 0.5921804207809032 0.6209602341193043 0.05570840539458359 0.18263613421305536
0 0.5750065321038198 0.38555997634361 0.06453919794763899 0.22706963939685174
0 0.10495317771475743 0.5900282606504165 0.08256315254479189 0.2645108508012036
0 0.42791789902941024 0.5980128752595826 0.06599259517409735 0.22251884043361106
0 0.18574858282500045 0.5776054645618978 0.07525849240055571 0.21865154665416658
0 0.4968815321038197 0.3787249245056472 0.06097778685347244 0.2080462373233333
0 0.6547485834905905 0.3948754792183321 0.06108688962701407 0.21273373732333328
0 0.6663634564001046 0.6594164328469895 0.06257665444465292 0.20974543836009243
0 0.5180889573500351 0.6199356848732398 0.061377830356458496 0.22523373732333313
0 0.7522100374221533 0.6630287398687486 0.06581075721819456 0.21470634043361086