0 0.1125 0.3140625 0.08125 0.228125
0 0.7484375 0.31796875 0.065625 0.1859375
0 0.8203125 0.3140625 0.06875 0.215625
0 0.89921875 0.321875 0.0796875 0.240625
0 0.196875 0.33359375 0.059375 0.2140625
0 0.5859375 0.33828125 0.059375 0.2046875
0 0.665625 0.5734375 0.065625 0.1875
0 0.2734375 0.3375 0.065625 0.215625
0 0.66875 0.3296875 0.065625 0.203125
0 0.746875 0.57265625 0.059375 0.1765625
0 0.1015625 0.58359375 0.075 0.2484375
0 0.18359375 0.58671875 0.0640625 0.2296875
0 0.42109375 0.5703125 0.0515625 0.178125
0 0.4328125 0.3359375 0.059375 0.221875
0 0.90859375 0.58203125 0.0765625 0.2578125
0 0.58515625 0.56171875 0.0609375 0.2171875
0 0.82734375 0.5625 0.0703125 0.2125
0 0.5109375 0.3359375 0.05625 0.203125
0 0.353125 0.33828125 0.05625 0.2078125
0 0.34765625 0.60234375 0.0578125 0.2046875
0 0.4953125 0.57578125 0.05625 0.2203125
0 0.26171875 0.5984375 0.0609375 0.209375