0 0.8984673041685021 0.29857112987620693 0.08921630054030487 0.22954322402541766
0 0.26266621342432916 0.3135777102289953 0.07211808057737183 0.1870829886359143
0 0.19065480416850203 0.3109260430207109 0.07627979092165811 0.2168250357138149
0 0.1120213726801563 0.32011585673770304 0.08809031015895182 0.24201595048646735
0 0.8147743504476377 0.31957515097952527 0.06685022721932725 0.21509889448011296
0 0.4258755415546303 0.33105376217815985 0.06652284500534211 0.20572389448011297
0 0.35439987875542406 0.5676009626646272 0.07217264427970278 0.1886454886359143
0 0.7383482597034648 0.3248178043880919 0.07315479092165802 0.2167704886359143
0 0.3427629411918106 0.3239055097425279 0.07271828130301125 0.2042704886359143
0 0.27312259690425866 0.5682379366900449 0.06554069836338669 0.1775988944801128
0 0.9188170428205747 0.5679114651035546 0.08367562867060627 0.2497466298696164
0 0.8368949202252363 0.5724683258984473 0.07208336424263564 0.23080571509696401
0 0.5988220013507624 0.560207653818899 0.05778276206571746 0.17902502678536117
0 0.5789186960011341 0.3260372053610266 0.06712304573098145 0.22291139448011296
0 0.11173122911824378 0.5804357479714051 0.08556551088459123 0.25914890340856667
0 0.43445940098794267 0.5544776254086847 0.06852185462398896 0.21825116801906325
0 0.19229918283910813 0.5594862739459874 0.0777331635169964 0.21372730925276534
0 0.5007936960011341 0.3274008823085436 0.06334328130301117 0.20410684740221222
0 0.6586880415546303 0.3269900048745592 0.06350697241000383 0.2087943474022122
0 0.6733780572485449 0.5909570474882331 0.06496034500534212 0.20569662094116267
0 0.5247942243089204 0.5669718969190403 0.06394348202865067 0.2212943474022122
0 0.7591791479927178 0.5855507528459644 0.0682490361123346 0.21043866801906325