0 0.0875 0.16640625 0.0625 0.1703125
0 0.22890625 0.15625 0.0609375 0.159375
0 0.02578125 0.15859375 0.0515625 0.1640625
0 0.69375 0.171875 0.0625 0.171875
0 0.290625 0.16640625 0.0625 0.1578125
0 0.159375 0.1671875 0.0625 0.159375
0 0.88359375 0.1640625 0.0609375 0.140625
0 0.42265625 0.1671875 0.0609375 0.15625
0 0.9484375 0.17890625 0.06875 0.1640625
0 0.82265625 0.18671875 0.0640625 0.1578125
0 0.49453125 0.1703125 0.0578125 0.165625
0 0.384375 0.5703125 0.0625 0.18125
0 0.35390625 0.16640625 0.0609375 0.1515625
0 0.6546875 0.5796875 0.059375 0.1625
0 0.1765625 0.5625 0.059375 0.16875
0 0.62734375 0.1671875 0.0640625 0.159375
0 0.7515625 0.18515625 0.059375 0.1578125
0 0.7171875 0.5671875 0.06875 0.171875
0 0.040625 0.5640625 0.0625 0.15
0 0.78984375 0.55390625 0.0640625 0.1765625
0 0.10703125 0.565625 0.0609375 0.171875
0 0.6015625 0.75390625 0.0625 0.1859375
0 0.45 0.57421875 0.065625 0.1765625
0 0.1125 0.7390625 0.0625 0.171875
0 0.56015625 0.175 0.0578125 0.153125
0 0.2546875 0.73671875 0.065625 0.1859375
0 0.2453125 0.5609375 0.05625 0.165625
0 0.3234375 0.65859375 0.071875 0.3765625
0 0.92421875 0.5640625 0.0703125 0.18125
0 0.46640625 0.75859375 0.0828125 0.1984375
0 0.74375 0.759375 0.065625 0.1875
0 0.0421875 0.7484375 0.065625 0.190625
0 0.97578125 0.578125 0.0453125 0.196875
0 0.52109375 0.58125 0.0578125 0.171875
0 0.52734375 0.76328125 0.0578125 0.1640625
0 0.66796875 0.74609375 0.0671875 0.1734375
0 0.871875 0.75703125 0.06875 0.1828125
0 0.9484375 0.75625 0.065625 0.1875
0 0.0421875 0.96953125 0.084375 0.0578125
0 0.58828125 0.57578125 0.0578125 0.1671875
0 0.178125 0.74609375 0.053125 0.1859375
0 0.31640625 0.56484375 0.0578125 0.1734375
0 0.98828125 0.17265625 0.0203125 0.1640625
0 0.80546875 0.73359375 0.0671875 0.1671875
0 0.85859375 0.54765625 0.0640625 0.1984375
0 0.52421875 0.66953125 0.0671875 0.3515625
0 0.2515625 0.65390625 0.06875 0.3546875
0 0.32890625 0.746875 0.0609375 0.196875
0 0.990625 0.7609375 0.015625 0.178125
0 0.00234375 0.15625 0.0046875 0.15625