0 0.09913625854997478 0.1653880953214551 0.07440941015912912 0.1710397533418178
0 0.2398323143661735 0.15358643463559235 0.07208208565349698 0.16008407200827235
0 0.0368712053316661 0.15829375799650017 0.06303486758448218 0.16466248400699968
0 0.7057686708027908 0.16380248790582252 0.07451867080279087 0.1726022533418178
0 0.30226125854997477 0.16302452196054726 0.07353532500983526 0.1585397533418178
0 0.17106588887180565 0.16533300397836465 0.07364458565349699 0.1601022533418178
0 0.8950661175844822 0.15378095588005097 0.07077095792955604 0.14133407200827236
0 0.4343471388718056 0.16226944927595718 0.07186356436617344 0.1569590720082723
0 0.9604183299535137 0.16787018053791503 0.07916334009297259 0.16486247867599957
0 0.8357128969175773 0.17714627788832332 0.07509782500983526 0.15855793467536322
0 0.506440660159129 0.1645581079328667 0.06939412822814398 0.1662977093411815
0 0.4242551349365333 0.5658398919478206 0.07517423466476121 0.18197725334181775
0 0.3655425085499748 0.16228817795195677 0.07153578243518836 0.1522715720082723
0 0.6952231987985037 0.5720695212444586 0.07073810694082035 0.16319089067472686
0 0.2158963317182246 0.5604455093093648 0.07117514951546741 0.16944089067472684
0 0.6390346388718056 0.15988769458150393 0.07520708565349707 0.16012043467536324
0 0.7645098862739156 0.17641102856464105 0.07041032500983527 0.15850339067472693
0 0.7568491136492098 0.5588422679026408 0.08076867080279086 0.17267497867599957
0 0.08006809236188635 0.5635897853278184 0.07298902179152655 0.15072725334181775
0 0.8285766481780851 0.5447155858927777 0.07640895273377594 0.1773079346753633
0 0.14658360300554807 0.564379578652137 0.07295617080279086 0.17258407200827222
0 0.6542807605667871 0.7469064365850038 0.07550201659574647 0.18666475334181776
0 0.49015328654568757 0.5689825259389119 0.07797145273377595 0.17732611600890866
0 0.16418028445200067 0.737753443984728 0.07451867080279087 0.17260225334181775
0 0.5723934420901143 0.16848199192395802 0.06852004307885 0.15379770934118145
0 0.30620389348650806 0.7337551926320925 0.07862701659574647 0.18670111600890849
0 0.28453707107456283 0.5580830306333653 0.06783162822814397 0.16627952800763596
0 0.3694908613034213 0.654830213956093 0.09820681512247811 0.3773988413430903
0 0.9610842375147529 0.5533082412078694 0.07783152497049421 0.18206816000954493
0 0.5194522924977724 0.7531666219366847 0.09668860174504026 0.19940111067790856
0 0.7968506728196032 0.7507206852323682 0.0787362772394081 0.18826361600890867
0 0.09452334831397106 0.7479466039942729 0.07895479852673168 0.19138861600890866
0 0.9933340088020763 0.5667707572008698 0.01333198239584732 0.19740225867281785
0 0.5617387094421654 0.5751865252625942 0.06983117080279086 0.1725477093411815
0 0.5807175744287576 0.7571450499284124 0.06928486758448216 0.1647352093411815
0 0.7201407073484785 0.7383212299093224 0.07931543144645267 0.17421929734245403
0 0.9248117818541107 0.7468860658816417 0.0815334953084232 0.18361247867599956
0 0.980975756456288 0.7452139305379151 0.03804848708742412 0.18826361600890848
0 0.10998372939210659 0.9690403539942729 0.08841764381548418 0.05879429201145427
0 0.6285437971893494 0.56893597792014 0.0695033888718056 0.16786020934118148
0 0.23029695734847846 0.7440210779758193 0.06612701659574646 0.1865556653405452
0 0.3559039726837172 0.5611620299570474 0.0699404314464526 0.1741102093411815
0 0.9922310586661904 0.16115655653250616 0.01553788266761913 0.1642988573360908
0 0.8567666221991846 0.7242212725573232 0.07887838887180579 0.16796929734245403
0 0.8968896056034381 0.5376656072167781 0.07793860174504026 0.1991829346753633
0 0.5710369358090535 0.6634314125955033 0.09177114482389044 0.35234429734245404
0 0.29728807937243606 0.6509790552991834 0.09355216611121389 0.35548747867599956
0 0.3811328376703093 0.743047829288684 0.07470434110137862 0.19758407200827222
0 0.013269814366173503 0.15622272799968182 0.015613564366173505 0.15630454400063637