0 0.899890488377638 0.16109748029750323 0.07540550954776962 0.1706761143631847
0 0.7592538329836976 0.15176390779420865 0.0730142153566284 0.1597295240041051
0 0.9622012342284532 0.15292591111385836 0.06399441286711749 0.16436248184962737
0 0.29322609128206734 0.1700932896203949 0.07552390871793264 0.17223861436318472
0 0.696765488377638 0.16227922697785355 0.07445831618646537 0.1581761143631847
0 0.8279562887925564 0.16229688681516566 0.0745767153566284 0.1597386143631847
0 0.10397433713288248 0.1633852682485685 0.07159342531467217 0.1409795240041051
0 0.5646750387925564 0.16382861232008125 0.07277741701630233 0.1566045240041051
0 0.03929837572494625 0.17860626815037262 0.0785967514498925 0.16446247579950315
0 0.16319504916551864 0.1856869942444634 0.07602081618646542 0.15818520472226433
0 0.4925632404522304 0.16737176883774368 0.07036281203728052 0.16596134328594586
0 0.5724093028904962 0.5667308985226306 0.07623430373891082 0.1816136143631848
0 0.633484238377638 0.16264738652057806 0.07242221950581325 0.1519170240041051
0 0.3013864078695181 0.5776785306434045 0.07168851369695446 0.1628454336450254
0 0.7808137987413113 0.5577093807650415 0.07216211037760659 0.16909543364502538
0 0.35998753879255646 0.16501944935951118 0.0761392153566284 0.15974770472226432
0 0.2344071983356817 0.1837108829063408 0.07133331618646536 0.15815793364502548
0 0.23983360123082229 0.5655421450065893 0.08177390871793264 0.17227497579950324
0 0.9166328995711484 0.5584810195251148 0.07386632033565022 0.1503636143631848
0 0.168183744177208 0.5526835967037914 0.07744160622842174 0.17693520472226432
0 0.8501082504009853 0.5604298597859985 0.07396140871793264 0.1722295240041051
0 0.3413099003963409 0.7515882084346975 0.07658950124939992 0.1863011143631848
0 0.5064883049650887 0.5710189436039746 0.07900410622842173 0.17694429508134385
0 0.8314971925128896 0.7338991760427771 0.07552390871793264 0.1722386143631848
0 0.4265830429417413 0.1724410639190876 0.06941561867597627 0.15346134328594588
0 0.6894872912681341 0.7323826487190224 0.07971450124939991 0.186319295081344
0 0.7121821979114744 0.5565468565645446 0.06880031203728051 0.16595225292686636
0 0.6266572497762855 0.6546576245185255 0.10040920000928874 0.37698065651766227
0 0.03753127572030187 0.5636216175846386 0.07506255144060374 0.18165906615858277
0 0.4761109528858519 0.7554893923743106 0.09784919461070415 0.19891928903121983
0 0.19870800330077035 0.7578841811109427 0.07983290041956285 0.18788179508134384
0 0.9010992974919116 0.7428651098841944 0.08006969875988901 0.19100679508134402
0 0.0052632273799758204 0.577984099434266 0.010526454759951641 0.19713862041330898
0 0.43486175869935506 0.5784638049420971 0.07083640871793265 0.17221134328594587
0 0.4148182553753628 0.7605314163784156 0.0702444128671175 0.16439884328594587
0 0.27549564624715606 0.7441620486955812 0.08032980788809567 0.17382838544042353
0 0.07076060205601489 0.7562858405554713 0.08260270290907382 0.18321247579950323
0 0.017086875925438918 0.7559500181503727 0.034173751850877836 0.187881795081344
0 0.8843458149138435 0.9639588598841943 0.08875576929603213 0.05830337939029917
0 0.36808865579492567 0.5733859403825207 0.07048121120744355 0.16752384328594588
0 0.7653393962471561 0.7413122211241211 0.06721450124939991 0.18624657220870694
0 0.6407924499860668 0.5608667179026672 0.07095480788809568 0.17377384328594586
0 0.007503924065272305 0.17258807230690287 0.01500784813054461 0.16418067466803504
0 0.13894283960846027 0.7324620002945876 0.07985621120744354 0.16757838544042372
0 0.0999073408578601 0.5468335725032947 0.07909919461070403 0.19881020472226432
0 0.4250472055851442 0.6667632356602564 0.09382731328668044 0.3519533854404237
0 0.6988874472867744 0.649551968000863 0.0956266116270065 0.3550874757995032
0 0.6144989466620745 0.7429706907753042 0.07585579544054095 0.19722952400410493
0 0.9858163329836976 0.15044580572766408 0.016527417016302337 0.15627727107723882