0 0.09980910245932803 0.03169394410221745 0.07225679508134394 0.0633878882044349
0 0.22468988602959877 0.3139632631620259 0.05686814441741399 0.10821429328391083
0 0.3591659217411688 0.03031743865992185 0.07541815651766245 0.0606348773198437
0 0.5424116336919077 0.7480902041842004 0.05701359016268785 0.13321429328391082
0 0.8243241881430254 0.8929016740623155 0.05694086729005079 0.12071429328391048
0 0.42524685958960673 0.7482762318590146 0.06634313836728971 0.12572917549789597
0 0.618301447120016 0.8610415827699885 0.05070904800821019 0.12362103847458741
0 0.7564008899384236 0.8874626951137078 0.05850336729005079 0.1207688569862416
0 0.32384500351604145 0.32143596806401653 0.07409200585373252 0.11506449400955017
0 0.14887227459328028 0.3228596027250724 0.05537836729005097 0.12065972958157989
0 0.6206775342576417 0.7211432690676577 0.05060905405833438 0.1064335384745874
0 0.4824836844305924 0.4424329704262693 0.052253367290050964 0.12055060217691818
0 0.2821553897420319 0.7743625606222879 0.058557909444528634 0.1301438569862416
0 0.34343027478967203 0.4457266399337154 0.052235186571891745 0.11742560217691818
0 0.5161926265616289 0.02834322169221363 0.07386474687674216 0.05668644338442726
0 0.2607420572797882 0.02966516343217838 0.07226588544042353 0.05933032686435676
0 0.8285774344305924 0.4303471103599847 0.05379768657189175 0.11748016587924912
0 0.8965507296101322 0.42719233930859246 0.061637457649130666 0.12244048439090331
0 0.14706783831597617 0.6330158527250724 0.07691702400410509 0.06361112141421188
0 0.3918637504909793 0.31046869701262436 0.07253859621281204 0.1165724303072194
0 0.48685600439980414 0.8992186837657805 0.05384313836728971 0.12529266587924895
0 0.5935727379979474 0.020701847282776808 0.06910452400410509 0.041403694565553616
0 0.43888523799794743 0.023457314250485025 0.0753545240041051 0.04691462850097005
0 0.6724608072797882 0.022435472873339985 0.06757838544042354 0.04487094574667997
0 0.9703224893726896 0.9042062178943805 0.04910109621281222 0.11575397477225664
0 0.8253104921031641 0.7233704240623156 0.05369769262201594 0.10029266587924912
0 0.9036779492613153 0.27619283449926907 0.0803783672900508 0.12153274881887359
0 0.7580502692305272 0.7382166632625424 0.05378859621281222 0.11591766587924912
0 0.83257615066393 0.026711255905631764 0.07234769867214012 0.05342251181126353
0 0.3494519740509873 0.7532663214220612 0.058467005853732525 0.1145188569862416
0 0.902815927791293 0.03809270000784922 0.0849931444174139 0.07618540001569844
0 0.5386614824388026 0.31862095899352394 0.08192268657189175 0.11846231252120454
0 0.8325342022863774 0.287269232955323 0.07882495764913067 0.12304068511654283
0 0.7676313649523598 0.2996898766020535 0.0678238251355733 0.11172123920022674
0 0.4153189103282914 0.44087295962649603 0.05542381908544911 0.12847222958158006
0 0.5493196429634857 0.9032861356725462 0.0570408612399266 0.13790179328391083
0 0.18418410245932804 0.030138878585788065 0.06288179508134392 0.06027775717157613
0 0.41106111886118474 0.904208773328827 0.052235186571891745 0.11742560217691818
0 0.4614086360295987 0.30569686225890125 0.07423745159900648 0.14006449400955018
0 0.2715689103282914 0.4458928202409348 0.052244276930971265 0.11898810217691817
0 0.13731104323463222 0.6989682349390576 0.07073974687674203 0.07589286660488845
0 0.5511655067374953 0.4517509175237116 0.052244276930971265 0.11898810217691817
0 0.7559211844305924 0.4328843225183695 0.052235186571891745 0.11742560217691818
0 0.6012069342342007 0.3086259109002897 0.0756363251355733 0.11199405771188112
0 0.7529159217411688 0.02338784846390316 0.06916815651766228 0.04677569692780632
0 0.620728572994274 0.4438540827699885 0.04754768657189175 0.1172619110699257
0 0.19580584104645066 0.4454141598039813 0.05068177693097135 0.1189335384745874
0 0.8907855011783503 0.7468599985644196 0.05069086729005079 0.12049603847458741
0 0.6824660245932803 0.3042260983790851 0.0662613251355733 0.11166667549789597
0 0.12046793511796343 0.9088888719623661 0.0744283491396783 0.17287699400955034
0 0.7002625786516147 0.19893839765344573 0.06282725292686635 0.05843254809323421
0 0.11940488398649529 0.9573536538135314 0.06917724687674202 0.07583830290255769
0 0.6871711844305924 0.4352851254209272 0.0521806444174139 0.10805060217691817
0 0.8428046026557198 0.13303560074133786 0.07209316861791067 0.0400099303072194