0 0.9 0.0328125 0.071875 0.065625
0 0.7734375 0.321875 0.05625 0.10625
0 0.640625 0.0359375 0.075 0.071875
0 0.453125 0.7671875 0.05625 0.13125
0 0.1703125 0.921875 0.05625 0.11875
0 0.5703125 0.76328125 0.065625 0.1234375
0 0.3765625 0.8828125 0.05 0.121875
0 0.23828125 0.9140625 0.0578125 0.11875
0 0.67421875 0.3328125 0.0734375 0.1125
0 0.84921875 0.328125 0.0546875 0.11875
0 0.375 0.74296875 0.05 0.1046875
0 0.51484375 0.459375 0.0515625 0.11875
0 0.71328125 0.784375 0.0578125 0.128125
0 0.65390625 0.4578125 0.0515625 0.115625
0 0.48359375 0.03671875 0.0734375 0.0734375
0 0.7390625 0.03359375 0.071875 0.0671875
0 0.16875 0.459375 0.053125 0.115625
0 0.10078125 0.45859375 0.0609375 0.1203125
0 0.84921875 0.63828125 0.0765625 0.0609375
0 0.60625 0.32421875 0.071875 0.1140625
0 0.5078125 0.91640625 0.053125 0.1234375
0 0.40625 0.03046875 0.06875 0.0609375
0 0.5609375 0.03046875 0.075 0.0609375
0 0.32734375 0.03359375 0.0671875 0.0671875
0 0.02421875 0.93828125 0.0484375 0.1140625
0 0.1703125 0.75234375 0.053125 0.0984375
0 0.09453125 0.3078125 0.0796875 0.11875
0 0.2375 0.76484375 0.053125 0.1140625
0 0.1671875 0.040625 0.071875 0.08125
0 0.64609375 0.765625 0.0578125 0.1125
0 0.096875 0.053125 0.084375 0.10625
0 0.459375 0.3375 0.08125 0.115625
0 0.165625 0.31640625 0.078125 0.1203125
0 0.23046875 0.3265625 0.0671875 0.109375
0 0.58203125 0.45546875 0.0546875 0.1265625
0 0.4453125 0.92265625 0.05625 0.1359375
0 0.815625 0.0328125 0.0625 0.065625
0 0.58359375 0.91875 0.0515625 0.115625
0 0.53671875 0.321875 0.0734375 0.1375
0 0.72578125 0.45546875 0.0515625 0.1171875
0 0.85859375 0.70390625 0.0703125 0.0734375
0 0.44609375 0.47109375 0.0515625 0.1171875
0 0.24140625 0.459375 0.0515625 0.115625
0 0.396875 0.3296875 0.075 0.109375
0 0.246875 0.0359375 0.06875 0.071875
0 0.3765625 0.465625 0.046875 0.115625
0 0.8015625 0.45234375 0.05 0.1171875
0 0.1046875 0.778125 0.05 0.11875
0 0.315625 0.328125 0.065625 0.109375
0 0.87421875 0.91328125 0.0734375 0.1703125
0 0.2984375 0.2234375 0.0625 0.05625
0 0.875 0.96171875 0.06875 0.0734375
0 0.31015625 0.459375 0.0515625 0.10625
0 0.15625 0.1625 0.071875 0.0375