0 0.900190897540672 0.0302990157144857 0.0722567950813442 0.0605980314289714
0 0.7753101139704013 0.31737527225558926 0.056868144417413904 0.10657725292686626
0 0.6408340782588311 0.03418306069763378 0.07541815651766229 0.06836612139526756
0 0.4575883663080923 0.7645512958669108 0.05701359016268785 0.13157725292686634
0 0.17567581185697445 0.9208841508603218 0.05694086729005092 0.11907725292686636
0 0.5747531404103933 0.7599632689359396 0.06634313836728971 0.12381929508134384
0 0.381698552879984 0.8806217234618121 0.05070904800821019 0.12216589149054755
0 0.24359911006157636 0.9126762202403583 0.05850336729005097 0.11908634328594588
0 0.6761549964839586 0.32889001005714497 0.07409200585373252 0.11292724687674198
0 0.8511277254067198 0.32318438984022774 0.05537836729005079 0.11906816256778666
0 0.3793224657423583 0.7407870638208918 0.05060905405833438 0.10497839149054773
0 0.5175163155694076 0.45637972668326593 0.052253367290050964 0.11904998184962742
0 0.7178446102579681 0.7802252510801544 0.058557909444528634 0.12846134328594588
0 0.656569725210328 0.45400818472518 0.052235186571891745 0.11592498184962743
0 0.4838073734383711 0.035418828651614664 0.07386474687674216 0.07083765730322933
0 0.7392579427202117 0.03154841920708601 0.07226588544042353 0.06309683841417202
0 0.17142256556940763 0.4583932412194013 0.05379768657189175 0.11593407220870695
0 0.1034492703898678 0.4580074218393647 0.061637457649130575 0.12066702400410509
0 0.8529321616840239 0.6333406398402278 0.07691702400410491 0.0613829275949012
0 0.6081362495090208 0.32069169067710834 0.07253859621281222 0.11448065651766245
0 0.5131439956001959 0.9134518832991242 0.05384313836728971 0.12374657220870695
0 0.40642726200205254 0.02938699726952549 0.06910452400410509 0.05877399453905098
0 0.5611147620020526 0.02894611485416403 0.0753545240041051 0.05789222970832806
0 0.32753919272021176 0.032739256246515934 0.06757838544042354 0.06547851249303187
0 0.029677510627310444 0.9381403494342659 0.04910109621281209 0.11434430113146803
0 0.17468950789683593 0.7513529008603217 0.05369769262201594 0.09874657220870713
0 0.09632205073868469 0.30726253327568315 0.08037836729005092 0.11921360831306052
0 0.2419497307694729 0.7634620154198981 0.05378859621281205 0.11437157220870695
0 0.16742384933607007 0.04024320491865606 0.07234769867214012 0.08048640983731212
0 0.6505480259490126 0.761866136520578 0.058467005853732525 0.11283634328594587
0 0.097184072208707 0.05296591871610669 0.08499314441741401 0.10593183743221338
0 0.46133851756119737 0.3348274344305924 0.08192268657189175 0.11609769867214012
0 0.1674657977136226 0.31544267193756054 0.07882495764913058 0.1207670179539809
0 0.2323686350476401 0.32522167203575636 0.06782382513557321 0.10976588544042354
0 0.5846810896717086 0.4520825912428424 0.05542381908544911 0.12688066256778666
0 0.4506803570365143 0.9200654976623088 0.0570408612399266 0.13626475292686635
0 0.8158158975406721 0.03053081987101595 0.0628817950813442 0.0610616397420319
0 0.5889388811388152 0.9153547508837627 0.052235186571891745 0.11592498184962743
0 0.5385913639704013 0.3187524616561513 0.07423745159900648 0.137927246876742
0 0.7284310896717086 0.45124627820751756 0.052244276930971265 0.11748748184962743
0 0.8626889567653677 0.6989110976857501 0.07073974687674181 0.07384656615858276
0 0.4488344932625047 0.46849845248276917 0.052244276930971265 0.11748748184962743
0 0.24407881556940758 0.45797053952219907 0.052235186571891745 0.11592498184962743
0 0.3987930657657993 0.32737854879377715 0.0756363251355733 0.10981133723582168
0 0.24708407825883122 0.03531935558258599 0.06916815651766246 0.07063871116517198
0 0.3792714270057261 0.4634342234618122 0.04754768657189166 0.1158977107723885
0 0.8041941589535494 0.4476803957921561 0.05068177693097127 0.11747839149054773
0 0.10921449882164964 0.7775159459416656 0.05069086729005097 0.1190408914905479
0 0.31753397540671974 0.3262887474659172 0.06626132513557322 0.10975679508134392
0 0.8795320648820365 0.9081951940949539 0.07442834913967858 0.17073974687674215
0 0.2997374213483853 0.221701241415793 0.06282725292686617 0.056613614363184704
0 0.8805951160135047 0.9566281489154141 0.06917724687674216 0.07383747579950324
0 0.3128288155694076 0.45757056372269583 0.05218064441741399 0.10654998184962743
0 0.15719539734428026 0.16159096409203824 0.07209316861791085 0.037918156517662414