0 0.17578125 0.86875 0.0640625 0.14375
0 0.24609375 0.87109375 0.0515625 0.1390625
0 0.6625 0.86875 0.053125 0.140625
0 0.6765625 0.171875 0.034375 0.075
0 0.5953125 0.175 0.040625 0.0875
0 0.93984375 0.2796875 0.0484375 0.08125
0 0.55078125 0.1640625 0.0390625 0.0875
0 0.8984375 0.27265625 0.046875 0.0953125
0 0.11328125 0.86640625 0.0578125 0.1453125
0 0.33515625 0.1609375 0.0359375 0.071875
0 0.759375 0.1875 0.04375 0.06875
0 0.93828125 0.86875 0.0578125 0.1375
0 0.3296875 0.246875 0.0375 0.075
0 0.43046875 0.87734375 0.0453125 0.1421875
0 0.49140625 0.87890625 0.0453125 0.1296875
0 0.30703125 0.87734375 0.0546875 0.1390625
0 0.60078125 0.2640625 0.0390625 0.075
0 0.55234375 0.8734375 0.0453125 0.134375
0 0.60703125 0.85234375 0.0453125 0.1328125
0 0.36953125 0.8703125 0.0484375 0.134375
0 0.5546875 0.25546875 0.034375 0.0703125
0 0.7765625 0.865625 0.053125 0.1375
0 0.2921875 0.153125 0.040625 0.08125
0 0.7234375 0.8703125 0.054296875 0.144921875
0 0.832421875 0.864453125 0.055859375 0.116796875
0 0.880859375 0.863671875 0.05078125 0.1171875
0 0.93125 0.698828125 0.090625 0.063671875
0 0.923046875 0.583984375 0.05625 0.11015625
0 0.8765625 0.58515625 0.05390625 0.114453125
0 0.83125 0.576953125 0.04765625 0.1109375
0 0.783984375 0.577734375 0.048828125 0.104296875
0 0.733984375 0.58203125 0.055078125 0.10390625
0 0.683203125 0.584375 0.0484375 0.1109375
0 0.63515625 0.571484375 0.05 0.122265625
0 0.5875 0.5734375 0.048046875 0.113671875
0 0.53984375 0.579296875 0.048046875 0.10078125
0 0.484375 0.58203125 0.045703125 0.108984375
0 0.4265625 0.58203125 0.044921875 0.108984375
0 0.371484375 0.57421875 0.04609375 0.114453125
0 0.318359375 0.57421875 0.046875 0.116796875
0 0.26640625 0.572265625 0.04140625 0.102734375
0 0.98359375 0.862890625 0.0328125 0.12890625
0 0.2671875 0.47109375 0.03984375 0.10546875
0 0.32578125 0.458203125 0.03671875 0.0890625
0 0.37578125 0.454296875 0.045703125 0.1140625
0 0.426171875 0.461328125 0.038671875 0.10234375
0 0.476171875 0.459765625 0.0421875 0.0984375
0 0.5265625 0.46796875 0.046875 0.11171875
0 0.57421875 0.4671875 0.042578125 0.0875
0 0.623046875 0.4640625 0.047265625 0.094140625
0 0.671484375 0.476171875 0.046484375 0.10390625
0 0.72109375 0.46484375 0.048828125 0.10546875
0 0.771875 0.469921875 0.044921875 0.1015625
0 0.813671875 0.469921875 0.051171875 0.09765625
0 0.85859375 0.471875 0.046484375 0.09375
0 0.896875 0.466796875 0.053515625 0.1046875
0 0.283984375 0.2421875 0.031640625 0.076953125
0 0.377734375 0.24609375 0.03515625 0.075
0 0.380078125 0.163671875 0.037890625 0.094921875
0 0.425390625 0.164453125 0.037109375 0.09296875
0 0.468359375 0.169140625 0.034765625 0.077734375
0 0.511328125 0.168359375 0.036328125 0.0828125
0 0.4234375 0.252734375 0.0375 0.08359375
0 0.46953125 0.2453125 0.034765625 0.078125
0 0.512890625 0.25703125 0.0375 0.084765625
0 0.641796875 0.26015625 0.034765625 0.087890625
0 0.6859375 0.263671875 0.040625 0.0875
0 0.730859375 0.267578125 0.038671875 0.087109375
0 0.77109375 0.265234375 0.039453125 0.0671875
0 0.814453125 0.26875 0.04296875 0.0875
0 0.855859375 0.260546875 0.04453125 0.0859375
0 0.79609375 0.184765625 0.03671875 0.06796875