0 0.10995131138935868 0.8595376950479029 0.07495522365499818 0.14710737336031982
0 0.18008621263411412 0.8581965230670641 0.062100026144509136 0.1417647761192818
0 0.5966700613893586 0.8340298462249851 0.06378092531467203 0.14340916327441136
0 0.6635385912820674 0.13641786182881743 0.04005816016782511 0.07680151741285454
0 0.5820517929417413 0.14380099389556453 0.04725535352912935 0.08962906603337358
0 0.9186502985408188 0.23043237618945422 0.05459425684847723 0.08378850180902227
0 0.5383493371328825 0.13519727781676244 0.04569285352912935 0.08954717887824382
0 0.8777768448065523 0.22557113580039267 0.05409734937994415 0.09776911465389251
0 0.04762891014460321 0.8604694312530929 0.06882362282516123 0.1483423247398008
0 0.32296113547320854 0.14337270522466822 0.04138386182749913 0.0737584045679843
0 0.745167099580437 0.1477028426069406 0.04895956348717299 0.07104284034363303
0 0.8724513113893586 0.819576763344584 0.06823162697434597 0.1405298247398008
0 0.31098043111424223 0.22959681026762233 0.043183160167825106 0.07696529172311398
0 0.363987615953462 0.8547838387617533 0.05608682448483524 0.14456222749876274
0 0.424806716783299 0.853152739711693 0.055139631123531 0.13206222749876276
0 0.24055011595346204 0.8612529240170037 0.06522502614450917 0.14192855042954128
0 0.580771790242449 0.23257688885261038 0.04474566016782511 0.07704717887824382
0 0.4861586138788696 0.8444903906616327 0.05549482863402009 0.13674972749876274
0 0.5424445026760705 0.8205305902320914 0.055376429463857055 0.13518722749876275
0 0.30358291221919564 0.8509461878118136 0.058619828634020085 0.13691350180902226
0 0.5353292356783456 0.2263988099289381 0.03970296265733601 0.07211401741285454
0 0.7109693597296847 0.8249270839005133 0.06354412697434597 0.1402841632744117
0 0.28058438132402364 0.1378121019907364 0.04678175684847723 0.08337906603337357
0 0.6574891622191956 0.8323987471749248 0.06548851042889084 0.14797300203515035
0 0.7669175341073069 0.8208277431046247 0.06449960057341571 0.11951879240149736
0 0.8154142336923884 0.8175079912956024 0.05966118776222693 0.119848832541717
0 0.8782959711445877 0.6500233805426678 0.09543496628787267 0.06822601749752569
0 0.8787951851515696 0.5356095381070991 0.06459714149649329 0.11310418758467104
0 0.8322220107739475 0.5392175559722092 0.06217356431817116 0.11706244756319392
0 0.7875311064173034 0.533389158470972 0.05567196608157463 0.11341458644267491
0 0.7402062818322219 0.536647494913647 0.05691178221211146 0.10667077199219595
0 0.6898806841142736 0.543564758877799 0.06317658210838176 0.10719363311271497
0 0.6389218353590291 0.548569841419516 0.05684384108157481 0.11347600180902226
0 0.5918517535128739 0.5381972464397559 0.059279534961526895 0.12508132646415202
0 0.5440475045501703 0.5426479296712132 0.056870527025630405 0.11639545341463098
0 0.49594725766205894 0.5510048629026707 0.05587893397551511 0.10330951591463097
0 0.44027130911427353 0.5566462319097769 0.05378095451514131 0.11156465089315404
0 0.38245880911427355 0.5596760566495778 0.05339032951514131 0.11154417910437146
0 0.3279726799650887 0.5547500788679015 0.05475168931817116 0.11667348357632772
0 0.2748476799650887 0.5575342421423131 0.05574013786595646 0.11944880215389268
0 0.2230425539277925 0.5583038650503773 0.04956682054194843 0.10472954389972085
0 0.9182078082774702 0.8113426608458212 0.04258043153844966 0.1306258802577247
0 0.23149015019584826 0.4570910464728124 0.048196719193463355 0.10718671924459108
0 0.2910606933496932 0.4411296531554467 0.04307687769929238 0.09096637635676678
0 0.34135669127510077 0.4346030141912947 0.05415095192190069 0.11644746339315404
0 0.3912145200093672 0.4389934034383602 0.04623170814567805 0.10436022119507023
0 0.4413329191795302 0.43481051447420815 0.04964664772027057 0.10064845318850324
0 0.49110194853617434 0.44037277872127356 0.05531094087411539 0.11378473965389269
0 0.5388173981212558 0.4370939704898162 0.04901316602912935 0.08972118908289453
0 0.5878823214615819 0.4314099968920114 0.054579687606051766 0.09643263483706618
0 0.6354022278928184 0.4409808700829892 0.054162607315841174 0.10633215697071882
0 0.6858699968765004 0.42705282790761945 0.05659515669346327 0.10762686270341355
0 0.7362664495734705 0.4294696203659026 0.05281313356059662 0.10392699160437165
0 0.7780633245734705 0.42727913896618175 0.05837651063518905 0.1003278184361081
0 0.8228372006107667 0.42687800825620137 0.05378363770978147 0.0961963787595014
0 0.8615032479137966 0.41979364795552243 0.061253056900922684 0.10748189916880282
0 0.26563250362473123 0.22730450955516757 0.03765229673425861 0.07842626328576863
0 0.35908650569932377 0.22629753024738247 0.04083941016782511 0.07684246099041943
0 0.36767581192542326 0.14375282451468785 0.04526388719113328 0.0967225619062877
0 0.41292911234034174 0.14215934701592506 0.04395881312469996 0.09490333403994038
0 0.4555426648298527 0.14459495024985686 0.040836496319340124 0.07937128759602823
0 0.49857061441493417 0.14156180348378872 0.04279859351864026 0.08472661225115793
0 0.40428643422613086 0.23054295595983723 0.04383435560372177 0.08555904172311406
0 0.45094258028440526 0.22070540988350956 0.04049027100815117 0.07993675330724574
0 0.49341396150818256 0.23015179132865896 0.04390835508507358 0.08653560422311406
0 0.6220834131678565 0.22652110103045442 0.041606090925399644 0.08952753759602823
0 0.6659576400349897 0.22772341389803893 0.04725535352912935 0.08962906603337358
0 0.7105835171095821 0.22927540818805858 0.045062516340318125 0.08893053369507013
0 0.7509954908648266 0.22482306394346746 0.04434897681700996 0.06924491477263502
0 0.7940884677319598 0.22606632038861685 0.04959910352912935 0.0897518967660682
0 0.8361163133753158 0.2156931857776784 0.051043204358966324 0.08827128392119796
0 0.7820930481282224 0.14304411946139142 0.041478488902091645 0.06987262635676675