0 0.9002245264381464 0.9307703495603548 0.07663899538185177 0.13845930087929048
0 0.8301170779932854 0.9304994115288467 0.06372889227157401 0.13900117694230651
0 0.41350577643814646 0.8962998836490597 0.06542809330833314 0.14496155575957417
0 0.33847461404351814 0.1982769718303488 0.04093664976444433 0.07780600666795978
0 0.4199980161170367 0.20803435122734465 0.0482802580585183 0.09081618969849795
0 0.08462573557990687 0.2845980116689296 0.055545953911481316 0.08520391848667064
0 0.4635723588597219 0.20073190531992893 0.0467177580585183 0.0906886439408634
0 0.1254168309144902 0.2809467242462448 0.05521376324231464 0.09913887272903601
0 0.9625194748830076 0.93188631047068 0.07052569641861091 0.13622737905864
0 0.6789239567862033 0.21520821987349475 0.04222574769092589 0.07480855242559432
0 0.25702912441111075 0.20714204667571842 0.04976484561740726 0.07232128121376702
0 0.13772452643814648 0.8737880574265642 0.06984219123481457 0.14221919303247788
0 0.6919112638079625 0.3015921300252157 0.044061649764444336 0.07806109818322886
0 0.6462888821403224 0.923834178657788 0.057752294345092284 0.14588632697140155
0 0.5854880831770817 0.9204223941100412 0.056658686051018314 0.13338632697140157
0 0.7697263821403224 0.9310734963761561 0.06685389227157365 0.13785300724768773
0 0.4223212252123143 0.29665044107562377 0.04562414976444433 0.0781886439408634
0 0.5240721295484242 0.9099793595622945 0.057068789161295895 0.13807382697140155
0 0.4675391655521743 0.8844215080450857 0.05693208812453676 0.13651132697140156
0 0.7066112274749058 0.9217772132055352 0.0601937891612959 0.13832891848667045
0 0.46766311951013845 0.2918192909258426 0.0405265466541664 0.07311850666795978
0 0.29916987436462794 0.8838640433417385 0.06515469123481452 0.14183655575957416
0 0.7212092016024071 0.2109032282084445 0.047733453911481406 0.08456618969849794
0 0.35270497747490576 0.8928880991013127 0.06718829628901588 0.14956534579750452
0 0.24320797358705856 0.878132407506304 0.06586537736815945 0.12114538011573046
0 0.1947021230686789 0.8733972390196334 0.061033827756944214 0.12133273712312231
0 0.12988953869057734 0.7044401383359196 0.09617847961834478 0.07087421644280312
0 0.12804513748877203 0.5902660035635009 0.06588742309152758 0.11474789727484325
0 0.17463203826634147 0.5952323648531282 0.06351188831302065 0.11862625469898287
0 0.21922685782335538 0.5907280668245298 0.05697139860990719 0.11479575916844471
0 0.266560833341735 0.5953675759929744 0.05813114407408548 0.10810331064578342
0 0.31693676119282294 0.6037459152372797 0.06439823170368034 0.10880880617632158
0 0.3679230627479618 0.610234902360402 0.05814327360990719 0.11489141848667064
0 0.41484215419469794 0.601266309407664 0.06071394375600665 0.12654240174430526
0 0.46266928049064704 0.6071095800155174 0.058204275553830696 0.11780516276696637
0 0.5108381593784943 0.6168591006233706 0.05705940437097201 0.10471922526696638
0 0.566546136192823 0.6241213500193966 0.05505979744355294 0.11289445769110582
0 0.6243586361928231 0.6288405430518745 0.05466917244355294 0.11286257125169712
0 0.6787532560090266 0.6255240310084919 0.05609001331302075 0.11802041235021879
0 0.7318782560090267 0.629860586768066 0.057110490127349325 0.120818560229036
0 0.7836605047130776 0.6321483582094143 0.05076788053732599 0.10595091151672378
0 0.09189939755029927 0.8642298554551626 0.044090335532638636 0.13158471091032525
0 0.7740278625829158 0.5309127103305971 0.0494275197220599 0.10836242825908933
0 0.7143063290296519 0.5132391194193019 0.04412008409527761 0.09202793886500302
0 0.6639645764377538 0.5052514051749968 0.05548698818342572 0.117777270191106
0 0.6141891061031705 0.5081693044912832 0.047430480407731325 0.10548456428175043
0 0.5640524050664111 0.5025253402469779 0.05079966531583313 0.10188123545613248
0 0.5143794605093973 0.5066151145632641 0.05661494886909715 0.115154497729036
0 0.46665485999101763 0.5019437189554109 0.0500380705585183 0.09095967867583674
0 0.4175533329174991 0.49483291402933166 0.055680087335150216 0.09781951488814897
0 0.37017526595238337 0.5029883705426611 0.05537968144449046 0.10768479306992304
0 0.31957480843587877 0.48761066773776457 0.057825957222059986 0.1090479867063749
0 0.2692378368053463 0.48854355561464224 0.05400275488935158 0.10524538375169712
0 0.2274409618053463 0.48513170659791827 0.05952037729745356 0.10181743034282675
0 0.1826899631012954 0.4834178910659254 0.05488174970555537 0.09756042950933175
0 0.1439644347318278 0.47521489500387926 0.062479281962870156 0.1090399989792786
0 0.7372042856976847 0.3006353434360258 0.03855137593079849 0.07935655731180366
0 0.6437960382895829 0.2968888479779537 0.04171789976444416 0.0778697795467771
0 0.6342413086005321 0.21427565434150192 0.046373437853529965 0.09783549034234174
0 0.5889971591189117 0.2113580773701004 0.0450477741871758 0.09598201852411589
0 0.5464385122291895 0.21253806903515066 0.04174472644917806 0.08039289882707275
0 0.5034014117108099 0.20824931070020095 0.04376859244824054 0.08579388208470728
0 0.5986738926958097 0.2997987595671435 0.04481350546662029 0.08665484818322886
0 0.5519308127712033 0.28861428471692474 0.04140536433796278 0.08094694988766413
0 0.5095966955468977 0.2967936399425664 0.0448989436145947 0.08763141068322886
0 0.38096384762041613 0.2893961149377172 0.042633283188113234 0.09054914882707274
0 0.3371307999531245 0.2893085722845416 0.0482802580585183 0.09081618969849795
0 0.2925506775450226 0.2895478817525487 0.04608055766973358 0.09005487678175043
0 0.25211125098988374 0.2839198284934595 0.045135957080648034 0.07039208716056766
0 0.20905945332259207 0.28389605871910106 0.0506240080585183 0.09100750833494971
0 0.16693552287960597 0.2723129711417859 0.05204980702175908 0.08957255409258424
0 0.2200711475967821 0.2014103463713069 0.042274620099027695 0.07093418886500294