0 0.490625 0.4515625 0.121875 0.06875
0 0.24296875 0.0921875 0.0640625 0.159375
0 0.50625 0.0859375 0.05625 0.14375
0 0.309375 0.60546875 0.0625 0.1671875
0 0.440625 0.09453125 0.053125 0.1484375
0 0.30546875 0.0859375 0.0546875 0.140625
0 0.89140625 0.60546875 0.0484375 0.1390625
0 0.709375 0.08671875 0.053125 0.1390625
0 0.17734375 0.2640625 0.0546875 0.15
0 0.11328125 0.2578125 0.0546875 0.14375
0 0.9046875 0.08671875 0.05625 0.1484375
0 0.24140625 0.2734375 0.0546875 0.15
0 0.9640625 0.79140625 0.06875 0.1578125
0 0.04921875 0.259375 0.0640625 0.159375
0 0.38046875 0.25546875 0.0578125 0.1453125
0 0.77265625 0.2515625 0.0453125 0.140625
0 0.3109375 0.2703125 0.053125 0.1375
0 0.640625 0.790625 0.053125 0.15625
0 0.00546875 0.253125 0.0109375 0.13125
0 0.7078125 0.259375 0.053125 0.16875
0 0.17109375 0.625 0.0671875 0.15625
0 0.24296875 0.63125 0.0578125 0.15625
0 0.7171875 0.603125 0.05 0.153125
0 0.175 0.8078125 0.059375 0.14375
0 0.03046875 0.6375 0.0609375 0.146875
0 0.71640625 0.784375 0.0578125 0.159375