0 0.5304068614535927 0.4782577125722991 0.12507708271265763 0.07513719810012062
0 0.7613249518192455 0.13186182666036478 0.07148550992479752 0.16273237336031982
0 0.4977526033908221 0.11181384102100159 0.06294526385373889 0.14669793758467103
0 0.7188251602535198 0.6416628725673503 0.07028688296032684 0.17046298620519024
0 0.5637778637299043 0.12384685153645117 0.06003858767505647 0.15122166327441158
0 0.6985338533908221 0.12233634045517472 0.06123721463952716 0.1434910504295413
0 0.13679391025351975 0.6111599072815178 0.0549144400324213 0.14160100180902227
0 0.2946639906943751 0.10194976085413385 0.059601940032421294 0.14184666327441153
0 0.83495515860089 0.30717608717581435 0.061673862282162165 0.1528660504295413
0 0.8987265601724665 0.30428346053613414 0.06138276385373871 0.1466160504295413
0 0.09935149069437509 0.09171386646291488 0.06316358767505645 0.15138543758467107
0 0.7713293062435251 0.3131937138154945 0.06167386228216234 0.1528660504295413
0 0.07279783849911678 0.7932896545679843 0.07610023531769158 0.16141553482570908
0 0.9628618347795722 0.30920333389645405 0.0714855099247977 0.16273237336031982
0 0.6314298982618076 0.28793700700894664 0.06458053846084474 0.1483423247398008
0 0.23906046174404305 0.2634770810713789 0.05186221463952716 0.14299972749876275
0 0.7016525070293133 0.3064247354122206 0.05952916542531561 0.14028416327441154
0 0.3961989511955638 0.8094590456798428 0.060402460710585706 0.15903416327441136
0 0.9988977264263514 0.30524617424008704 0.00220454714729712 0.1318232100859083
0 0.30426808477957235 0.27468789800926363 0.06098465756743261 0.17153416327441154
0 0.8580160928423428 0.6684411357963334 0.07446496071058561 0.15977114767057934
0 0.7864321912707665 0.6709243266603648 0.06508996071058562 0.1592798247398008
0 0.310903498342861 0.617946575078485 0.05713191149637407 0.15574538896415202
0 0.8626244718737283 0.851048917908509 0.06607026385373871 0.14686171189493075
0 0.9826670665826072 0.688310979758011 0.034665866834785675 0.15006859905006031
0 0.32012660276714044 0.79923751865605 0.06523550992479743 0.1624048247398008