0 0.5172570527566484 0.42189478469497727 0.12307503571381488 0.0758484104104042
0 0.7586403887980702 0.06482427929213101 0.06684440097293454 0.12964855858426202
0 0.4952500446422687 0.06534646601089449 0.058759165583431285 0.13069293202178897
0 0.7011934963432568 0.5652444243410427 0.06541826866768634 0.17082771046687384
0 0.5610250491064955 0.06885860288494974 0.05571598620028233 0.1377172057698995
0 0.6960312946422686 0.05869537663306022 0.057142118505530526 0.11739075326612045
0 0.11916224634325674 0.5991438843138065 0.05086484496658028 0.1418836631118273
0 0.2921386814117438 0.07043505538872875 0.055552344966580236 0.1408701107774575
0 0.8272654780826073 0.2161482297297715 0.0573057597392328 0.1531851841585147
0 0.8912188839268061 0.20616701400122564 0.05719666558343128 0.14693518415851478
0 0.09682618141174387 0.08116742903801721 0.05884098620028231 0.15171368942018656
0 0.7633666193163096 0.22925444545831727 0.05730575973923262 0.1531851841585147
0 0.0497515474783472 0.7893131289815474 0.07150462743398434 0.16181673151356132
0 0.9553086574657563 0.20399829827267985 0.0668444009729349 0.16310621572854583
0 0.6239904736183807 0.2193851637471118 0.06034893912238175 0.14867969468185843
0 0.23173478977100476 0.23832123442674594 0.047767118505530615 0.14326415258848363
0 0.6937808222384089 0.23017917960271456 0.05552507142762995 0.14059417889684286
0 0.37317541070887206 0.7696937898154748 0.05585235389503396 0.1593441788968427
0 0.9961676623370204 0.19520015094586807 0.007664675325959181 0.13188703683170297
0 0.2967149074657564 0.2423570160673642 0.05607054220663672 0.17184417889684286
0 0.839815665580136 0.576721708683084 0.06991485389503396 0.16016322625188942
0 0.7680497597359374 0.5871579507199891 0.060539853895033954 0.15961719468185845
0 0.29334008603483125 0.5866530476373952 0.05267280681713329 0.1560371683734992
0 0.8391004196373257 0.7597617218372636 0.06188416558343128 0.14720819994353035
0 0.9744541237805364 0.5810312351326177 0.05109175243892707 0.1504242052052021
0 0.29728506655307063 0.7678575450065594 0.06059440097293471 0.16274219468185827