0 0.21328125 0.11015625 0.0671875 0.1953125
0 0.96875 0.75 0.059375 0.1875
0 0.790625 0.1140625 0.065625 0.190625
0 0.8890625 0.7390625 0.071875 0.19375
0 0.790625 0.7390625 0.065625 0.19375
0 0.88828125 0.115625 0.0734375 0.190625
0 0.9703125 0.5125 0.05625 0.190625
0 0.790625 0.50546875 0.0625 0.1859375
0 0.01953125 0.503125 0.0390625 0.19375
0 0.5015625 0.11640625 0.065625 0.1953125
0 0.6046875 0.49453125 0.0625 0.1890625
0 0.3984375 0.50078125 0.06875 0.1890625
0 0.59140625 0.1078125 0.0640625 0.190625
0 0.69140625 0.5046875 0.0796875 0.190625
0 0.590625 0.73359375 0.065625 0.1953125
0 0.4984375 0.4875 0.0625 0.196875
0 0.20859375 0.50703125 0.0640625 0.1921875
0 0.30703125 0.5046875 0.0765625 0.19375
0 0.2125 0.7375 0.065625 0.190625
0 0.97890625 0.0828125 0.0390625 0.11875
0 0.96640625 0.12421875 0.0640625 0.2046875
0 0.5015625 0.74375 0.0625 0.184375