0 0.20557837462184766 0.1076744979710468 0.0808450804577169 0.19609429734245412
0 0.9163048910423672 0.7387275732018243 0.07248627723940829 0.18819089067472702
0 0.7826489730126933 0.10486274522600494 0.07895479852673155 0.19138861600890872
0 0.8373822155479994 0.728717321212642 0.08542331981405518 0.19458634134309047
0 0.7389447155479993 0.7298627452260049 0.07917331981405518 0.19451361600890849
0 0.8801959623690315 0.10528891187941465 0.0867672985267319 0.19147952267663593
0 0.9344750088789511 0.5012093918682788 0.0695797985267319 0.19127952800763595
0 0.7552791817754287 0.496268995226005 0.07550201659574647 0.18666475334181776
0 0.005327366323974447 0.502897733330682 0.010654732647948894 0.19420453333863605
0 0.49342258204720074 0.11057004193191222 0.07928258045771681 0.19607611600890867
0 0.5701065062810609 0.48749507391791286 0.07572053788306991 0.18978975334181775
0 0.3634194637064139 0.4961450099459116 0.08197053788306992 0.18986247867599956
0 0.5838672655873403 0.10093086525304915 0.07739229852673155 0.19137043467536324
0 0.6561150620972596 0.49664225990614064 0.09301729852673155 0.19155224801081766
0 0.5393271278008154 0.7267212059198218 0.079282580457717 0.19607611600890884
0 0.4643481791775387 0.4817001545990031 0.07626684110137863 0.19760225334181775
0 0.17313867113176698 0.5046040419716832 0.07750155917039345 0.1929329346753633
0 0.27174006209725954 0.50111486795832 0.09011081981405518 0.19464088534372692
0 0.16092897619166108 0.7350273386378194 0.07895479852673164 0.19138861600890883
0 0.9731154358859282 0.07142189453377884 0.04736630891829208 0.11920453333863612
0 0.9577200288288921 0.11297359520214241 0.07837564431968716 0.20543293467536322
0 0.44955443361701414 0.7379137919319122 0.07539275595208465 0.18510225334181776