0 0.7777267740867652 0.12388847686149618 0.083130719704317 0.19648526217486464
0 0.0036841408967475788 0.7505454707790069 0.0073682817934951576 0.18853639448011278
0 0.20006415969267893 0.11771715421934556 0.0811855824314133 0.19177048863591425
0 0.05060835663886478 0.7409989212654742 0.08769067394668237 0.1950045827917158
0 0.14904585663886477 0.7427171542193456 0.08144067394668238 0.1948954886359143
0 0.10228036393504439 0.1175750580349493 0.0889980824314133 0.19190685633066598
0 0.011878891355789532 0.5130181972400565 0.023757782711579065 0.1916068474022122
0 0.16811394740522784 0.5091234042193455 0.07767794515850968 0.18702844155801374
0 0.9393990160416795 0.5202391456913383 0.054878173946682554 0.1944318384737585
0 0.4889353410562272 0.12510650892515846 0.081568219704317 0.1964579886359143
0 0.35494426770866955 0.501431455354436 0.07793303667377875 0.19015344155801356
0 0.5606840846781314 0.511281562495881 0.08418303667377884 0.19026253571381488
0 0.39979309272321706 0.11494453043551389 0.07962308243141329 0.19174321509696393
0 0.2673964702840451 0.5100740239426921 0.09524808243141329 0.19201595048646744
0 0.34949226679058565 0.740739417204989 0.08156821970431691 0.1964579886359143
0 0.461768223618025 0.4962548060030592 0.07857076546195145 0.19796594155801372
0 0.7500176516475933 0.5208452974783472 0.07975062818904792 0.193305715096964
0 0.651771470284045 0.5167833145244758 0.09237817394668238 0.1950864034085665
0 0.7272984023964992 0.7512458636309713 0.0811855824314133 0.1917704886359143
0 0.019355906817740985 0.0831806927758296 0.03871181363548197 0.11943183847375852
0 0.03191967969655825 0.1248051310874323 0.0638393593931165 0.20580571509696394
0 0.4377257193659612 0.7524502589251585 0.07755039940087513 0.1854659415580137