0 0.06565421185254304 0.6643830972552907 0.09363286709365923 0.2511198822907382
0 0.5720416090004316 0.35751069081616466 0.08116922852997774 0.25700616943775667
0 0.8852955879231927 0.35308263743831714 0.08256810206654457 0.22892663354437942
0 0.8085769891762979 0.7849296825028945 0.12152151775758924 0.21131323620994635
0 0.06958422951193632 0.3916586510953567 0.08880901170746495 0.2275459899708701
0 0.6679706907753042 0.651544184152247 0.07640900565734085 0.24436977711788863
0 0.965749660622879 0.6217895218406264 0.059121511707465046 0.2266821719450391
0 0.5004449067140542 0.05190216613905145 0.18973518657189176 0.1038043322781029
0 0.2656951184684013 0.6515324416075876 0.08106923458010193 0.2398186694377568
0 0.7790183168459539 0.3608616966886594 0.07321128278470361 0.23177884890464337
0 0.5679888714934634 0.6513288869760987 0.0795703670936593 0.25071070533113404
0 0.8852718202637995 0.6256934233316944 0.08888173458010193 0.24004598997087
0 0.170397295768715 0.38325746621819373 0.08418514422102227 0.23834709765100212
0 0.36801614257070225 0.652460792623802 0.07944310206654456 0.22883570533113406
0 0.2672632054096354 0.3820011916075875 0.07477378278470379 0.231824313011266
0 0.3719007084346975 0.38754884646386784 0.08090560811666876 0.21169366943775678
0 0.883284677791293 0.027415047704873824 0.11744203005422946 0.04715980799670109
0 0.8685272862025494 0.026778831024461675 0.1566954275949012 0.05355766204892335
0 0.5574897922526736 0.047898976247323595 0.07564541549465283 0.09579795249464719