0 0.06953125 0.66640625 0.0921875 0.2484375
0 0.57421875 0.37421875 0.0796875 0.2546875
0 0.8875 0.37890625 0.08125 0.2265625
0 0.81328125 0.80859375 0.1203125 0.2078125
0 0.071875 0.39375 0.0875 0.225
0 0.671875 0.67109375 0.075 0.2421875
0 0.96953125 0.65 0.0578125 0.225
0 0.50078125 0.0578125 0.1890625 0.115625
0 0.26953125 0.659375 0.0796875 0.2375
0 0.78125 0.38359375 0.071875 0.2296875
0 0.571875 0.66796875 0.078125 0.2484375
0 0.8890625 0.6515625 0.0875 0.2375
0 0.17265625 0.38828125 0.0828125 0.2359375
0 0.371875 0.66328125 0.078125 0.2265625
0 0.26953125 0.38984375 0.0734375 0.2296875
0 0.37421875 0.3984375 0.0796875 0.209375
0 0.88359375 0.053125 0.1171875 0.04375
0 0.86875 0.03828125 0.15625 0.0765625
0 0.5578125 0.05546875 0.075 0.1109375