0 0.1005696199306482 0.6712683486429472 0.10375866252983132 0.25488387797604234
0 0.5916482684018529 0.41437203654568755 0.09154976095825482 0.26025979282674855
0 0.9051478422231704 0.44096629559986555 0.09180231803034929 0.23224405347041036
0 0.8509421091772811 0.8654639150259331 0.1299915227450789 0.21622556956195355
0 0.09021420099067608 0.39877598960843985 0.09797954342324347 0.23111859604505708
0 0.7031316937519658 0.7180758267745461 0.08628006410140791 0.24743201089576344
0 0.9828297324222074 0.7177962293921066 0.034340535155585175 0.22904264381548423
0 0.5034739104629168 0.09283053629358608 0.19444782092583351 0.12884553788306993
0 0.3002421341986718 0.6782224610316494 0.09074924028009032 0.24307229282674853
0 0.7991161660444879 0.43822407183086753 0.082572867244561 0.23471348960843982
0 0.602986144537754 0.707958145580195 0.08969616252983137 0.2539005321830867
0 0.9194095111631426 0.7137318062435272 0.0985617402800905 0.24361859604505726
0 0.19074073986580556 0.4003545511246217 0.09380146567298446 0.24172831411407197
0 0.40276782071643646 0.689285283191493 0.08867731803034928 0.23202553218308672
0 0.28768851447291144 0.40869121103164935 0.08413536724456101 0.23482275025210164
0 0.3927762748119936 0.4246054241569855 0.08943929735218496 0.21494729282674854
0 0.886068086641599 0.11491189399071115 0.11922518899896417 0.05194454827463013
0 0.8705329778740936 0.09903016787592468 0.15981595574818713 0.08748856436617351
0 0.5603959985522579 0.09447479978723941 0.08016699710451576 0.11618201089576327