0 0.3484375 0.10625 0.13125 0.1125
0 0.34140625 0.24921875 0.1265625 0.1140625
0 0.72890625 0.0203125 0.1265625 0.040625
0 0.73515625 0.103125 0.1265625 0.10625
0 0.12734375 0.10703125 0.1421875 0.1140625
0 0.14140625 0.53828125 0.1484375 0.1203125
0 0.7140625 0.25625 0.15625 0.115625
0 0.14765625 0.2515625 0.1484375 0.11875
0 0.14453125 0.675 0.1265625 0.096875
0 0.90390625 0.26015625 0.1265625 0.1046875
0 0.7109375 0.396875 0.1375 0.128125
0 0.7140625 0.8234375 0.115625 0.1125
0 0.3359375 0.4296875 0.134375 0.11875
0 0.14609375 0.40078125 0.1484375 0.1203125
0 0.1375 0.01171875 0.153125 0.0234375
0 0.90390625 0.828125 0.1546875 0.11875
0 0.7125 0.68046875 0.121875 0.1171875
0 0.7109375 0.55234375 0.121875 0.1015625
0 0.90546875 0.6875 0.1265625 0.10625
0 0.9078125 0.1171875 0.140625 0.115625
0 0.9125 0.41328125 0.134375 0.1078125
0 0.3359375 0.67890625 0.1375 0.1171875
0 0.9125 0.54140625 0.134375 0.1078125
0 0.321875 0.56328125 0.128125 0.1140625
0 0.340625 0.01328125 0.140625 0.0265625
0 0.9203125 0.01875 0.15625 0.0375