0 0.34781935558258603 0.11435997283326418 0.13190450585373253 0.11555487765916679
0 0.339956337726801 0.2571650686729517 0.12722609621281214 0.11700827488562507
0 0.728788075331965 0.037277981285729775 0.12679884933607005 0.04357077488562511
0 0.7345562863007452 0.120235951650452 0.12718064441741408 0.10919577488562511
0 0.12672106040304618 0.10999520868121537 0.14285109621281208 0.11737195079743068
0 0.13827462129707171 0.5415725170018404 0.14913745764913058 0.12376742116215293
0 0.7125716811109427 0.2728699891695145 0.15692268657189173 0.11926175911805573
0 0.14619270218818153 0.2549992373665626 0.1491283672900509 0.12220492116215294
0 0.14060421487760516 0.6783640021842015 0.12712610226293627 0.09982077488562524
0 0.9023927052132436 0.2811949014979522 0.12717155405833439 0.10763327488562506
0 0.7086285487937771 0.4134222539871534 0.13824540944452862 0.131325348023889
0 0.7092718807650414 0.8400574891695145 0.11627950585373252 0.1151912017473613
0 0.3334376512531051 0.43750653210381973 0.13506586729005096 0.12187761284152784
0 0.14376207289607806 0.40418161977538203 0.14913745764913058 0.12376742116215293
0 0.13743182230690287 0.014919098023889004 0.15326135538619426 0.02700152393569457
0 0.8990883596878024 0.8491636514979521 0.15537836729005078 0.12235039152687506
0 0.7085411486208265 0.6970523715783339 0.12255677693097126 0.12002417211208342
0 0.7077240580653552 0.5688910039871533 0.12246587334017515 0.10439917211208342
0 0.9014689920049683 0.7085750190891327 0.1271806444174139 0.10919577488562524
0 0.9071307230690288 0.13831707047590353 0.14129768657189173 0.1188980832062501
0 0.9100956000234411 0.4345199232494452 0.13500223477649342 0.11094011284152785
0 0.3319877389799061 0.6867252821038197 0.13818177693097136 0.120387848023889
0 0.9093501905789125 0.5626449232494453 0.13500223477649342 0.11094011284152785
0 0.3185979255517978 0.5707729737831947 0.12878859621281205 0.11704464247680572
0 0.3405477319478233 0.021209384877361397 0.14077953610435348 0.029835583206250117
0 0.9202034156910447 0.040170511205347995 0.15646816861791066 0.041136759118055685