0 0.6441327762310021 0.1024593202637994 0.13911676634364484 0.1132635901626879
0 0.6411666773359533 0.24538716364794114 0.13453852698730664 0.11479881908544902
0 0.2696733616323974 0.019707991121205422 0.12940327673520519 0.039415982242410844
0 0.25763254751832554 0.10158418413600481 0.13399222376899794 0.10698631908544906
0 0.8651718959091712 0.1019542844540335 0.15016352698730664 0.11488972267624523
0 0.8209534582585324 0.5332860976857501 0.15685056956195353 0.12117608411256367
0 0.2680187544394755 0.25458646428842996 0.16433528763096836 0.11653403590796181
0 0.8347527863704606 0.24660370912206853 0.15674130891829208 0.11961358411256366
0 0.8082681519381305 0.6700230284039093 0.13333665990702742 0.09761131908544911
0 0.07790185283032111 0.25959719291660355 0.13388296312533626 0.10542381908544911
0 0.2613102965099193 0.3951932835702707 0.14645937278026225 0.1289249515990063
0 0.22835714079026564 0.8217739642884299 0.12349176634364492 0.11317268657189175
0 0.6340158229930228 0.4258240973911625 0.1426788089182917 0.11953177088084707
0 0.825880894900765 0.3958133687629889 0.15685056956195353 0.12117608411256367
0 0.8616805451725369 0.009432524691476141 0.15476390965492612 0.018865049382952283
0 0.05984063165921318 0.8275659429166036 0.11968126331842636 0.11964994554888228
0 0.23991698968531444 0.6787961239293503 0.13006954827463008 0.11789654800821019
0 0.2504388624655767 0.5506620335702708 0.12897694183801275 0.10227154800821019
0 0.056726339336667785 0.686950033275683 0.11345267867333557 0.10698631908544912
0 0.08399295172536989 0.11665116881430256 0.14871028763096839 0.1164431323171656
0 0.06477877597890047 0.4127721898915414 0.12955755195780094 0.10859427088084708
0 0.6165887503289762 0.6750428473911624 0.14569454827463008 0.11798745159900648
0 0.06029908958876934 0.5408971898915415 0.12059817917753868 0.10859427088084708
0 0.6387365379599446 0.5593360341594459 0.13610102698730664 0.11480790944452864
0 0.6584462845288753 0.01156771731349206 0.14248243094224938 0.02313543462698412
0 0.07890625 0.01874545482046019 0.1578125 0.03749090964092038