0 0.02223263880583148 0.8547184774987627 0.04446527761166296 0.2688119549975255
0 0.6899525485880375 0.968465553481759 0.09849566162790709 0.06306889303648192
0 0.2585907294942761 0.8728343916776854 0.15452202344038463 0.25433121664462915
0 0.1785923488648926 0.8582949361143329 0.1409205983942421 0.25498847241038014
0 0.3558068885012896 0.906909498529662 0.13332934145441175 0.18618100294067616
0 0.47031067705795254 0.9399953154675466 0.10296191856773759 0.12000936906490693
0 0.5771917327334786 0.945246059474653 0.09484902991878955 0.10950788105069406
0 0.716302813851974 0.38166043079880774 0.06379928901808825 0.1450535504295413
0 0.8890106122831278 0.9516675570998036 0.10911178901808824 0.09666488580039286
0 0.4134805976282749 0.48337125847928464 0.08114747532299767 0.12416119629109837
0 0.41094348781838236 0.32724741123824663 0.07187260487264702 0.12523237336031984
0 0.8632116849206335 0.5845441706220424 0.08849890036914018 0.1416762449116174
0 0.6468716934016234 0.3764539523955338 0.06063471622369896 0.11997166327441153
0 0.0658324444813575 0.8635235894391219 0.131664888962715 0.2729528211217563
0 0.7867691008674774 0.5664282564431197 0.08461243676633483 0.15393058344622795
0 0.560716543032483 0.5099005382166111 0.06904799352159507 0.1297560990500603
0 0.629727358887042 0.5338979601974498 0.06592299352159507 0.1295923247398008
0 0.5821781377260973 0.3707118854576491 0.07087130937615385 0.10960737336031982
0 0.48851087600590504 0.49906153550307764 0.08381140036914018 0.1414305834462281
0 0.2892210772702093 0.4408008989137747 0.09544980721668547 0.15294129353213642
0 0.03426677359726811 0.2515934774987628 0.06853354719453622 0.10532930913596861
0 0.8470824444813575 0.4081111454072718 0.07131140036914019 0.14077548620519006
0 0.46740423889811655 0.3513709859780475 0.061796698025101904 0.1138035504295413
0 0.24258351403654413 0.2878529613291037 0.07469721622369914 0.12070864767057934
0 0.1793523288113688 0.28375528154634877 0.08593510487264702 0.12596935775648763
0 0.2938258389904016 0.30778368102595033 0.07938471622369914 0.12095430913596861
0 0.7882581570044287 0.39640568351234123 0.07706075262089378 0.1332905348257091
0 0.2173460772702093 0.4370340897778062 0.09737325262089361 0.13435506784239593
0 0.036811980260243224 0.3845288082314574 0.07362396052048645 0.14076884215265534
0 0.3468809878183824 0.3238900378779268 0.07732156847545246 0.11305992198083885
0 0.08045375385751134 0.2613270036180446 0.0951098457733484 0.12333568068726608
0 0.7115082850129186 0.5421032858417619 0.07503717766703613 0.15031426051544958
0 0.5238847763750453 0.3629536171402834 0.06325906847545255 0.11232293758467105
0 0.12667791178479076 0.27393986827193717 0.08563471622369909 0.12128185775648763
0 0.09261618754152719 0.4140359237898611 0.10095932757475112 0.11741322930778501
0 0.8293604256644513 0.21983653945980652 0.051581088833518154 0.07589411465389251
0 0.20788474629937218 0.11985323383034088 0.05586807063492083 0.06988977611928182
0 0.3483061806016969 0.47290074796383513 0.09062260487264702 0.1262150192218769
0 0.7764857495385746 0.21314612618539494 0.0483559592838688 0.07416784034363308
0 0.7251235086378733 0.20731885006611311 0.0485562183831675 0.07729284034363308
0 0.4825948496308598 0.16325351028830698 0.04951794108527139 0.06799972749876279
0 0.6719181654854186 0.1935562432141367 0.0465932001845701 0.07096095318850329
0 0.5751130166574377 0.1751570460185272 0.04805557063492074 0.06948034034363304
0 0.4326949791805091 0.1590706213241549 0.052843200184570095 0.07128850180902231
0 0.14869620681985865 0.43186855495209714 0.09344721622369905 0.12169129353213641
0 0.3447839690014763 0.13643430348175906 0.05566781153562221 0.06676477611928182
0 0.39307127467700226 0.14131655529078135 0.0530434592838688 0.07441350180902231
0 0.2956653485511256 0.13229235809517187 0.06055557063492083 0.07013543758467104
0 0.5276570257567365 0.16953448778706975 0.04669332973421945 0.07252345318850328
0 0.25417875539867085 0.11914390490666855 0.05430557063492083 0.06980788896415206
0 0.3371204657622738 0.07253889981828592 0.051681218383167415 0.07745661465389256
0 0.7352115607650423 0.04989697506611313 0.02975967477620891 0.023945142186726755
0 0.5965059577427093 0.11043280472495447 0.045130829734219446 0.07244156603337353
0 0.7277862361203393 0.1290710193334185 0.04406897748246621 0.08017217887824382
0 0.4654259384643778 0.08866959011649043 0.04971820018457009 0.07112472749876282
0 0.5097569293650792 0.09412837403768837 0.045030700184570095 0.07087906603337353
0 0.8202543383720927 0.14175580506363875 0.04875647748246621 0.08041784034363304
0 0.8130612045035068 0.058288207822600725 0.033252590992986344 0.032887743102595034
0 0.7758732826965667 0.1370782711424408 0.04396884793281686 0.07860967887824381
0 0.4260828362126244 0.07876896766068177 0.0485562183831675 0.07729284034363307
0 0.5526756145902545 0.09716152080375653 0.04729410703211538 0.0818984531885033
0 0.3849769748615724 0.07191145804974333 0.05636871838316741 0.0777022761192818
0 0.7773239636028054 0.05327980325461643 0.03597707279438911 0.026801517412854546
0 0.6241315075581392 0.18086149140511437 0.04044332973421945 0.0721959045679843
0 0.6411676156699887 0.12296378222371726 0.03797966378737563 0.058051517412854546
0 0.012543165485418567 0.37931236374938143 0.025086330970837133 0.12737472749876283
0 0.685798995219638 0.12373506614491521 0.0467934592838688 0.07408595318850328