0 0.08998194312327965 0.8531346826295598 0.10446392921692807 0.26564436525911966
0 0.8005276967413242 0.9561501830333017 0.09734639077317411 0.08769963393339672
0 0.3594279839418825 0.8685472228076018 0.15142081637205784 0.2629055543847965
0 0.2771543945027607 0.8501575073036006 0.13802005766563052 0.2506193831160271
0 0.46028447704447756 0.9007381599013884 0.13095783016686777 0.19852368019722313
0 0.5782465829919429 0.9315575117678275 0.10128361827193721 0.136884976464345
0 0.6854006637246375 0.9348694724005646 0.09322545680654795 0.13026105519887068
0 0.7562554805509805 0.35585549715403564 0.06213923111680728 0.14314207386326191
0 0.9716558305055522 0.9359661424482226 0.056688338988895734 0.12806771510355475
0 0.467084517185712 0.4678882982924214 0.07974281094499087 0.12159435633066593
0 0.4464367452503016 0.31220135998081866 0.07044969810012063 0.12299321509696393
0 0.9258254313646347 0.5531686481269704 0.08689356965141819 0.13889095048646743
0 0.6866423433958507 0.3530793246707455 0.05926653663473154 0.11811480032431154
0 0.15375451605405815 0.8628409192368792 0.1533927521477066 0.2743181615262415
0 0.8477446969684669 0.5377561079489285 0.08286116689245623 0.1513091298696164
0 0.6165046630472689 0.4892292844927037 0.0675703595655099 0.12762616801906326
0 0.6878816960639557 0.510769093745469 0.0644453595655099 0.12757162094116267
0 0.6216757626631562 0.3496037228043064 0.06963082654882306 0.10736821509696401
0 0.5434799208491851 0.48092981493151293 0.08220606965141819 0.1388091298696164
0 0.33863861261772765 0.4297416416374439 0.09371677973732648 0.1499375446422686
0 0.05837350124319542 0.25000968262955986 0.07719766508343387 0.10281708279171564
0 0.8893103199901023 0.37769136119533936 0.06970606965141819 0.13859094155801363
0 0.5053547218445533 0.33430423092198125 0.06050148801421233 0.11189207386326191
0 0.27452744572527144 0.2787597942352316 0.07332903663473136 0.11836026217486459
0 0.21120525214770658 0.2768739659077428 0.08451219810012063 0.12323867694751697
0 0.3277719544316987 0.296860957790068 0.07801653663473136 0.11844208279171564
0 0.8294849406368888 0.36806121671522646 0.07554663387576924 0.1308875357138149
0 0.26676361261772763 0.4284870588457282 0.09585913387576941 0.13124209172016937
0 0.06767765942922434 0.38286309293798537 0.09931168249628841 0.1375466387980701
0 0.3823742452503016 0.3110831448838547 0.07604460085908267 0.11060230925276535
0 0.11030449344127931 0.25794095941492107 0.09372342378986116 0.12027731818121908
0 0.77011766395178 0.5161072045403619 0.07332239258219672 0.1480204886359143
0 0.562836351197767 0.34389346509366864 0.06198210085908258 0.11035684740221222
0 0.15771175994962267 0.2689154155834313 0.08426653663473135 0.11855117694751698
0 0.14012254748886524 0.40988528896022586 0.09964587516934213 0.1141364123370204
0 0.8498373049520971 0.1904544139552829 0.050723696291098366 0.07425570616851021
0 0.22053490728151776 0.11234386160567174 0.05508364767057934 0.06808752678536126
0 0.40109102498762805 0.45971155965650706 0.08919969810012063 0.12332049756436803
0 0.7965075870642727 0.18562086363097136 0.047516809135968605 0.07263865909060954
0 0.7447813127540133 0.18159583684561015 0.04768058344622812 0.07576365909060953
0 0.49861231965141817 0.1460775279998819 0.048751760515449584 0.06641593262955983
0 0.690301852668105 0.1697173997518234 0.04579053482570909 0.06948638555165916
0 0.591949561849502 0.15473155356742713 0.04727114767057934 0.06795115909060953
0 0.44853043249628843 0.14364227475347105 0.0520405348257091 0.06959547970746054
0 0.1979317254625979 0.4257245231319132 0.09207903663473135 0.1186875446422686
0 0.3585262302122963 0.12411893303330165 0.054919873360319824 0.06496252678536121
0 0.40708656094499085 0.1273081627407622 0.05220430913596861 0.07272047970746054
0 0.3092255930571665 0.12169731655636595 0.05977114767057934 0.06816934740221225
0 0.5441295375392425 0.15077471062944178 0.04587242198083885 0.07104888555165915
0 0.26646488297125825 0.11002343100470677 0.05352114767057934 0.06806025324641088
0 0.3434910504295413 0.06063313149117411 0.05080558344622812 0.0758182061685102
0 0.7365311818746907 0.024173961845610128 0.02949744035499009 0.02295527039347491
0 0.6056978013340524 0.08940656249588089 0.04430992198083885 0.07102161201270885
0 0.7383432049975256 0.10342992653718461 0.04315685775648763 0.0788068384737585
0 0.47288862336031984 0.07225819845457716 0.048915534825709095 0.06954093262955985
0 0.5175836476705793 0.07616049431466185 0.0442280348257091 0.06945911201270882
0 0.8317213907731744 0.11286520210472983 0.04784435775648745 0.07888865909060953
0 0.8148813715512976 0.029834513793127126 0.032887743102595124 0.031795470779006796
0 0.7870673100404797 0.10974415624464515 0.04307497060135788 0.07724433847375849
0 0.43263543758467105 0.06375022321134349 0.04768058344622812 0.07576365909060953
0 0.5605933412481442 0.0776917666357962 0.04636374491161739 0.0804238855516592
0 0.3909835261192818 0.05833997442915948 0.05549308344622812 0.0759000267853612
0 0.778780097241038 0.026082222397269306 0.0356851944820761 0.025600017856907485
0 0.6413320861597616 0.15871567004436288 0.03962242198083885 0.07093979139585782
0 0.6515425678423958 0.10035374512544075 0.03732293758467105 0.056850017856907485
0 0.04247294154139995 0.3785204663147799 0.051863472410380154 0.12579093262955982
0 0.6959919306872661 0.09956854098552545 0.04595430913596861 0.07261138555165918