0 0.0453125 0.85234375 0.090625 0.2640625
0 0.75078125 0.94921875 0.0921875 0.0984375
0 0.3140625 0.865625 0.1375 0.265625
0 0.2328125 0.84609375 0.125 0.2484375
0 0.41328125 0.896875 0.1203125 0.203125
0 0.5296875 0.9265625 0.09375 0.14375
0 0.63671875 0.92890625 0.0859375 0.1390625
0 0.73828125 0.34296875 0.0546875 0.1421875
0 0.9484375 0.92734375 0.1 0.1421875
0 0.44296875 0.46015625 0.0734375 0.1203125
0 0.43046875 0.3046875 0.0640625 0.121875
0 0.89765625 0.5375 0.0796875 0.1375
0 0.66875 0.34140625 0.053125 0.1171875
0 0.10859375 0.86171875 0.1390625 0.2734375
0 0.8203125 0.5234375 0.075 0.15
0 0.59140625 0.47890625 0.0609375 0.1265625
0 0.66171875 0.49921875 0.0578125 0.1265625
0 0.60390625 0.3390625 0.0640625 0.10625
0 0.51875 0.471875 0.075 0.1375
0 0.31640625 0.42421875 0.0859375 0.1484375
0 0.0453125 0.24921875 0.071875 0.1015625
0 0.8703125 0.3625 0.0625 0.1375
0 0.48828125 0.32578125 0.0546875 0.1109375
0 0.26015625 0.27421875 0.0671875 0.1171875
0 0.196875 0.2734375 0.078125 0.121875
0 0.3125 0.29140625 0.071875 0.1171875
0 0.8109375 0.35390625 0.06875 0.1296875
0 0.24453125 0.42421875 0.0890625 0.1296875
0 0.04765625 0.38203125 0.0921875 0.1359375
0 0.36640625 0.3046875 0.0703125 0.109375
0 0.096875 0.25625 0.0875 0.11875
0 0.74375 0.503125 0.065625 0.146875
0 0.5453125 0.334375 0.05625 0.109375
0 0.14375 0.26640625 0.078125 0.1171875
0 0.11875 0.4078125 0.09375 0.1125
0 0.840625 0.17578125 0.046875 0.0734375
0 0.21484375 0.10859375 0.0515625 0.0671875
0 0.37734375 0.453125 0.0828125 0.121875
0 0.7875 0.171875 0.04375 0.071875
0 0.7359375 0.16875 0.04375 0.075
0 0.49140625 0.1375 0.0453125 0.065625
0 0.68203125 0.1578125 0.0421875 0.06875
0 0.584375 0.14453125 0.04375 0.0671875
0 0.44140625 0.1359375 0.0484375 0.06875
0 0.17578125 0.42265625 0.0859375 0.1171875
0 0.35234375 0.11796875 0.0515625 0.0640625
0 0.40078125 0.1203125 0.0484375 0.071875
0 0.303125 0.11640625 0.05625 0.0671875
0 0.53671875 0.14140625 0.0421875 0.0703125
0 0.2609375 0.10546875 0.05 0.0671875
0 0.340625 0.0546875 0.046875 0.075
0 0.7359375 0.011328125 0.028515625 0.022265625
0 0.6015625 0.07890625 0.040625 0.0703125
0 0.73359375 0.090625 0.0390625 0.078125
0 0.46953125 0.0640625 0.0453125 0.06875
0 0.5140625 0.0671875 0.040625 0.06875
0 0.8265625 0.0984375 0.04375 0.078125
0 0.8140625 0.015625 0.03125 0.03125
0 0.78203125 0.09609375 0.0390625 0.0765625
0 0.4296875 0.05625 0.04375 0.075
0 0.55703125 0.06796875 0.0421875 0.0796875
0 0.38828125 0.0515625 0.0515625 0.075
0 0.778125 0.0125 0.034375 0.025
0 0.63359375 0.14765625 0.0359375 0.0703125
0 0.646875 0.0890625 0.034375 0.05625
0 0.02265625 0.378125 0.0453125 0.125
0 0.69140625 0.0875 0.0421875 0.071875