0 0.36059782464931567 0.5746646438253921 0.11007351172019231 0.138135165083434
0 0.8593228261904752 0.4495140733810044 0.07467623226282782 0.16898237336031982
0 0.023978918106312218 0.14201708163720578 0.047957836212624436 0.17137038896415208
0 0.8942996580057212 0.2400931467640385 0.04705510178802186 0.13892029780067894
0 0.8501741721945362 0.24365968142040545 0.04895059241878954 0.1411608583501999
0 0.8054275239064225 0.23857105071042511 0.05672029784745334 0.1530527880482838
0 0.7101551954826499 0.2390651560362927 0.050322726518088244 0.14434727371654715
0 0.6608159307539678 0.22001804528335817 0.048684829964932064 0.15827670708946134
0 0.6153532364294938 0.21998706778459537 0.04948091976282818 0.16766194298385254
0 0.5657188290420814 0.21777777560922576 0.05018939620478093 0.1756799913782438
0 0.46608906886304863 0.19452730410335675 0.049883761565615005 0.18306092280067893
0 0.4192792728266884 0.19716928623824664 0.04931588564045804 0.1559739006670262
0 0.3705413841777404 0.19931828442922433 0.04525449471668548 0.1503106686735931
0 0.31515762453857465 0.1889689436333357 0.05242050046142532 0.1740450096109384
0 0.26828262453857465 0.18651232897944314 0.05135137800618352 0.16951187853337352
0 0.20981403647563632 0.18148843566207745 0.05166458223975674 0.15921149550532965
0 0.19557000925618215 0.3731829517181653 0.04928823025793694 0.16161749137824383
0 0.2558514211932438 0.37438248219066067 0.05281112546142532 0.17406548139972083
0 0.3080601160575849 0.38534929867628986 0.050049693860742386 0.14919937853337356
0 0.3568282830841629 0.394959994062877 0.050938343613880124 0.16306656603337358
0 0.4583150871400877 0.3708834252023987 0.0449867080495574 0.14309434206798421
0 0.5063171433554807 0.38633302380020346 0.048001385910391645 0.15064928369507005
0 0.5494716120478026 0.41015118272140133 0.05036784469361422 0.14201375961093846
0 0.5957109091638971 0.4286438941640764 0.05479482822997461 0.14730683839315403
0 0.6482042547065328 0.3984722549170109 0.05876568341177588 0.17282029412584868
0 0.6964414956072342 0.4041357567260332 0.052786392464932066 0.15849166087167693
0 0.7939027324981532 0.42452902249920754 0.04912784334394651 0.16822740869507022
0 0.9106198631275368 0.4502427527115039 0.05344772651808825 0.14451104802680667
0 0.8792583301264283 0.8907039784012444 0.059529171227852375 0.18473435662584875
0 0.7220209762550736 0.8428778917892272 0.047382846428571844 0.1531474026175051
0 0.6704584762550736 0.8401756156699454 0.050848107262828 0.16773359424459108
0 0.6224116012550736 0.8376575856497055 0.056512169762828 0.1680304351819366
0 0.5690409245893298 0.8203588820089467 0.05279628566352947 0.16472118908289451
0 0.5186654387781449 0.8235978680447946 0.05419547636351094 0.1926304047941123
0 0.4694717211655572 0.8206277976582074 0.054531389380306904 0.1735716669492419
0 0.4148791047249888 0.8040489286511011 0.048492140460041 0.15223225548385244
0 0.3666418638242874 0.7983854268420789 0.0451494185677376 0.1456334045679842
0 0.3119846422019175 0.8072790699901023 0.04781596660898897 0.15686857601189672
0 0.2645036189138038 0.8020471367586449 0.05047029784745334 0.1527252394277646
0 0.2141479194998134 0.7927451792169281 0.053259684221576634 0.1567645560548506
0 0.16026670188722575 0.7895294473649516 0.05458699953626835 0.14710128999876276
0 0.15235706624676762 0.9374862913766974 0.05005493985096012 0.12502741724660532
0 0.20319362701181004 0.9501755827040878 0.04412339007475108 0.09964883459182446
0 0.2506595111111087 0.9482535079216976 0.05095670457964223 0.10349298415660471
0 0.29630267813768674 0.9564591191764483 0.048896179826504495 0.08708176164710331
0 0.357715793498521 0.9506854308000763 0.04963958185446691 0.09862913839984735
0 0.4081314508859334 0.9516024413085546 0.05066620912929167 0.09679511738289079
0 0.4581716224621607 0.9590570949931955 0.047458841763566184 0.08188581001360902
0 0.5091834099390894 0.9683593328804012 0.04340764342931003 0.06328133423919766
0 0.5591834099390894 0.9696285837849125 0.04653264342931003 0.060742832430175045
0 0.6129895303894402 0.9726140807319336 0.049249555636305155 0.054771838536132836
0 0.6637207156146154 0.9746746099041943 0.04935725478036197 0.05065078019161149
0 0.7177020627768524 0.9749666754287801 0.04929962041112983 0.050066649142439704