0 0.6329352464934971 0.5398501760087148 0.10852290818602892 0.1351763934267362
0 0.13597063602347598 0.400451982048229 0.07274253844375371 0.16711607123840294
0 0.9756927187923357 0.1179679906945131 0.04861456241532878 0.16991376291777782
0 0.10345196686974192 0.19040516142696173 0.045456611968244506 0.1378050684839236
0 0.1475090437014785 0.19524624387390613 0.047327019306547945 0.13999441952400177
0 0.19228761618000142 0.1914663006274651 0.05496218707562983 0.15168151118431425
0 0.2874960962229555 0.1947257194632463 0.04866266861680746 0.14314669521738715
0 0.3370269060940932 0.17714661464767334 0.04686059051297527 0.1571500978817188
0 0.38246223682678776 0.17843570450343718 0.04754722594375371 0.16652964383061636
0 0.4320920836155702 0.1776716584834545 0.048162210113793694 0.17454200227951394
0 0.5319316313315781 0.1573571988523086 0.047769924100660076 0.1819456934839237
0 0.5786821395857498 0.16135338801468702 0.04751900978028054 0.15482453167730906
0 0.6273653010511391 0.16491349268808977 0.043521467237326486 0.14926940864825525
0 0.6828357120642726 0.15619147630338484 0.050413837064272826 0.17283874116628475
0 0.7297107120642727 0.15510044856796815 0.049397161493274666 0.16832836987069447
0 0.7882021031203605 0.15178353889869728 0.049831221590540056 0.15799953711518233
0 0.8002068764125376 0.3435349544097216 0.04742522571762571 0.16047950227951394
0 0.7399482674686254 0.34298198167017296 0.050804462064272825 0.17284783306407991
0 0.6876438000330566 0.3524125128725168 0.048332628476588015 0.14801586987069443
0 0.6387935422311404 0.3605893419947043 0.04905937697836436 0.16188305737069442
0 0.5376487830724577 0.3336109009324648 0.0433380516448512 0.14204739209715278
0 0.4894962271022781 0.3476380131568572 0.04626607813171759 0.1495283644328212
0 0.4460909254853121 0.37015886450550306 0.04873515038411291 0.14080749116628474
0 0.3996646438253921 0.387274609138715 0.05310284613828449 0.14598108109313374
0 0.34755438856766735 0.3556349639542879 0.056777262409142895 0.17142625747990453
0 0.2992806628779268 0.3598873592808852 0.05096215301297517 0.15724556280856775
0 0.2016415626404419 0.3774128925252603 0.047187308626927396 0.16710648943282128
0 0.08469640207956379 0.3996898956593923 0.05178766861680741 0.14321943039974822
0 0.11091357982615382 0.840242160477031 0.057401651967007306 0.18334031997990435
0 0.2686115541591276 0.7970704492788193 0.04561789475880351 0.15204924313723095
0 0.3201740541591276 0.7958703187698608 0.04891441344375371 0.16656146547289943
0 0.3682209291591276 0.7947520153410588 0.054578475943753715 0.16669329799092888
0 0.4217603479741774 0.7790351165475344 0.05089907663349411 0.16348647091077256
0 0.472067424805914 0.7837307286297566 0.05197218453143861 0.1914070665129774
0 0.5212657030171315 0.7821945245075691 0.052531566881098966 0.17230280910415807
0 0.5760179404097462 0.7672316000206593 0.04673859028684753 0.15109995633061643
0 0.6242916660994867 0.762979204694062 0.04347111827193721 0.14458645459715277
0 0.6788120697629598 0.7734432727983329 0.04600768925223662 0.15576472658612844
0 0.7263250172414828 0.7695996862673258 0.04871218707562992 0.1515360408195921
0 0.7767582468321813 0.7617771145539578 0.051455967463454225 0.1555013881552604
0 0.8306440250433988 0.7601318076582285 0.05289729774389329 0.14578122264423624
0 0.8367567848236795 0.9140835171472043 0.048479253024332536 0.13592467866628474
0 0.78578796669837 0.9266117726561625 0.04280993766934209 0.11335918434164043
0 0.7383585673881106 0.9245868922893745 0.04957256289546983 0.1195638881552604
0 0.6926333095861945 0.9326909862292009 0.047673939393693486 0.10566942496187508
0 0.6313068455993281 0.9266874472852425 0.048246318973034795 0.12031331651297741
0 0.5808957488105457 0.9274696771008155 0.049263825050599765 0.12111729625746541
0 0.5307917288534998 0.9341112819163886 0.04621379833760564 0.10758618237069442
0 0.47967960820671357 0.9439051624253469 0.04233134215265544 0.09306032218833309
0 0.4296796082067136 0.9450689253431246 0.04545634215265544 0.09313305737069441
0 0.3758552453618432 0.947886107238854 0.04821201944800464 0.08988093410415772
0 0.3251149389394081 0.949849303952222 0.048335680687266167 0.08851829255305574
0 0.27114727357306084 0.9499321108479511 0.04825296302556943 0.09066218410415808