0 0.60390625 0.55390625 0.1015625 0.1328125
0 0.11484375 0.403125 0.0640625 0.165625
0 0.9734375 0.140625 0.05 0.16875
0 0.093359375 0.192578125 0.03828125 0.137109375
0 0.137109375 0.1984375 0.040234375 0.1390625
0 0.18203125 0.195703125 0.047265625 0.150390625
0 0.276953125 0.201171875 0.041015625 0.1421875
0 0.32734375 0.184765625 0.03828125 0.15625
0 0.37265625 0.187109375 0.038671875 0.165625
0 0.422265625 0.1875 0.0390625 0.173828125
0 0.523046875 0.16953125 0.03828125 0.180859375
0 0.56953125 0.174609375 0.03984375 0.15390625
0 0.61796875 0.179296875 0.035546875 0.1484375
0 0.673828125 0.171875 0.04140625 0.171875
0 0.720703125 0.171875 0.040625 0.167578125
0 0.779296875 0.169921875 0.041796875 0.15703125
0 0.78125 0.36171875 0.0390625 0.159765625
0 0.72109375 0.359765625 0.04140625 0.171875
0 0.668359375 0.36796875 0.040625 0.147265625
0 0.619140625 0.375 0.040625 0.1609375
0 0.51953125 0.345703125 0.0359375 0.141015625
0 0.470703125 0.35859375 0.038671875 0.148828125
0 0.426171875 0.380078125 0.04140625 0.13984375
0 0.37890625 0.39609375 0.045703125 0.14453125
0 0.328515625 0.36328125 0.048046875 0.1703125
0 0.280078125 0.36640625 0.042578125 0.15625
0 0.181640625 0.381640625 0.038671875 0.166015625
0 0.063671875 0.401171875 0.044140625 0.1421875
0 0.066796875 0.841796875 0.048046875 0.182421875
0 0.2265625 0.80234375 0.037890625 0.15078125
0 0.278125 0.80234375 0.03984375 0.165625
0 0.326171875 0.80234375 0.045703125 0.165625
0 0.38046875 0.787890625 0.042578125 0.1625
0 0.43046875 0.79375 0.041796875 0.190234375
0 0.4796875 0.793359375 0.043359375 0.171484375
0 0.53515625 0.7796875 0.038671875 0.150390625
0 0.58359375 0.7765625 0.0359375 0.14375
0 0.6375 0.78828125 0.03828125 0.155078125
0 0.68515625 0.785546875 0.041015625 0.150390625
0 0.7359375 0.77890625 0.04296875 0.154296875
0 0.78984375 0.778515625 0.0453125 0.144921875
0 0.787890625 0.932421875 0.04140625 0.134765625
0 0.736328125 0.94375 0.037109375 0.1125
0 0.6890625 0.940625 0.04296875 0.118359375
0 0.64296875 0.94765625 0.0421875 0.1046875
0 0.58203125 0.940234375 0.041796875 0.119140625
0 0.531640625 0.93984375 0.04296875 0.119921875
0 0.48125 0.9453125 0.040625 0.10703125
0 0.4296875 0.95390625 0.0375 0.0921875
0 0.3796875 0.95390625 0.040625 0.0921875
0 0.32578125 0.95546875 0.043359375 0.088671875
0 0.275 0.95625 0.04375 0.0875
0 0.22109375 0.955078125 0.043359375 0.089453125