0 0.442728215621431 0.3775731674172877 0.07633858576539314 0.21231166846619498
0 0.815942059262732 0.48135455993946613 0.13252519970043758 0.1016594336130419
0 0.476402874396026 0.03853766866668758 0.05905574879205204 0.07707533733337515
0 0.22032821757828502 0.06008354979021856 0.06565643515657005 0.12016709958043711
0 0.15049407863839148 0.0494662811188866 0.06661315727678296 0.0989325622377732
0 0.4883122983427084 0.21375819853617434 0.0708858112195859 0.2025814709557058
0 0.5604901872826019 0.22165228629375672 0.07308604000775869 0.21051237012586893
0 0.8074296048511886 0.04268960455481459 0.07423420970237729 0.08537920910962918
0 0.2883282737969012 0.21947909273195987 0.06441267061270253 0.1803512734452168
0 0.6051018303053814 0.04083295186016661 0.06645366061076281 0.08166590372033322
0 0.3459021734876404 0.06243803256877911 0.06992934697528082 0.12487606513755822
0 0.826450027130881 0.19599647778096113 0.07426590273485516 0.2059432692960319
0 0.16509806788754575 0.22174217758975728 0.07177863152302773 0.21351897095570588
0 0.8758607404571024 0.03611937322614655 0.07047148091420467 0.0722387464522931
0 0.23075488985797749 0.2364190616130733 0.07426590273485498 0.20594326929603185
0 0.6742822650029094 0.0531311197016616 0.07043953000581897 0.1062622394033232
0 0.8888224813732466 0.18969801097444017 0.08440617728066221 0.21602866431701004
0 0.7403218531841986 0.03652303754315658 0.06814370636839726 0.07304607508631317
0 0.7608090516766882 0.2104034425128897 0.07142794515850959 0.19019987012586892
0 0.20326581351479572 0.7856154234405724 0.07496727546389118 0.2525814709557059
0 0.8665630389689885 0.7259207761212872 0.06986544515850994 0.1900814709557057
0 0.9623721963664578 0.18792110080661503 0.07525560726708455 0.22336756763635796
0 0.63349712364712 0.23970262405133919 0.07203372303829667 0.2166439709557059
0 0.9427931489418333 0.030507990652723048 0.07308629788366652 0.061015981305446096
0 0.9859375 0.020209108079299543 0.028125 0.040418216158599085
0 0.3312632677571612 0.7743441914872045 0.06827099425012406 0.20859467261537984
0 0.9907682633359196 0.1722835227972949 0.018463473328160875 0.22088118506293447
0 0.9866378412254051 0.7422534032961259 0.026724317549189892 0.22047936597668388
0 0.35334736697916014 0.22634347675527589 0.06530549091614421 0.1912887734452168
0 0.696331963495399 0.22943870765973667 0.0724483112195859 0.20269987012586882
0 0.6017033135147958 0.7554236350490012 0.06929136031120038 0.22109467261537982
0 0.46973583639361305 0.7662096149277768 0.0769124127367947 0.25738737012586893
0 0.2695764686655468 0.7601525595384808 0.08303486697916025 0.25629846680652085
0 0.9346433592724303 0.7317671118042772 0.09633209243335301 0.24798905933798832
0 0.39803617957587206 0.7834339263403575 0.0690362687959313 0.21796967261537964
0 0.4129143303053814 0.047996101655029565 0.06020366061076281 0.09599220331005913
0 0.536492772758131 0.7847335493660113 0.07821982122152563 0.25438076929603176
0 0.6657020406359785 0.7497880190723173 0.0743934484924896 0.20750576929603176
0 0.730322521091141 0.7613991026807148 0.0816955075860438 0.27793666846619497
0 0.7951822465453338 0.7470513375338678 0.08175940940281486 0.24067346680652085