0 0.409375 0.40859375 0.059375 0.2078125
0 0.771875 0.53984375 0.125 0.0921875
0 0.471875 0.05546875 0.05 0.1109375
0 0.21484375 0.0671875 0.0546875 0.134375
0 0.14609375 0.05390625 0.0578125 0.1078125
0 0.46796875 0.24921875 0.0546875 0.1984375
0 0.5390625 0.2625 0.05625 0.20625
0 0.8015625 0.071875 0.0625 0.14375
0 0.26875 0.23984375 0.05 0.1765625
0 0.6 0.0625 0.05625 0.125
0 0.33984375 0.07421875 0.0578125 0.1484375
0 0.80546875 0.25703125 0.0578125 0.2015625
0 0.14609375 0.2328125 0.0546875 0.209375
0 0.8703125 0.06796875 0.059375 0.1359375
0 0.21015625 0.25234375 0.0578125 0.2015625
0 0.66796875 0.07734375 0.0578125 0.1546875
0 0.86796875 0.25546875 0.0671875 0.2109375
0 0.73515625 0.06328125 0.0578125 0.1265625
0 0.7390625 0.26640625 0.05625 0.1859375
0 0.13828125 0.79609375 0.0546875 0.2484375
0 0.80234375 0.78671875 0.0546875 0.1859375
0 0.94296875 0.259375 0.0609375 0.21875
0 0.61015625 0.2859375 0.0546875 0.2125
0 0.9375 0.06484375 0.0625 0.1296875
0 0.98515625 0.05703125 0.0265625 0.1140625
0 0.26640625 0.79453125 0.0515625 0.2046875
0 0.984375 0.246875 0.028125 0.21875
0 0.94765625 0.8140625 0.0640625 0.215625
0 0.3328125 0.2515625 0.05 0.1875
0 0.6734375 0.28046875 0.05625 0.1984375
0 0.53671875 0.79609375 0.0515625 0.2171875
0 0.4046875 0.796875 0.05625 0.253125
0 0.20625 0.77578125 0.0625 0.2515625
0 0.86953125 0.79765625 0.0765625 0.2421875
0 0.33203125 0.80859375 0.0515625 0.2140625
0 0.4078125 0.0625 0.05 0.125
0 0.46953125 0.8203125 0.0578125 0.25
0 0.60078125 0.7953125 0.0578125 0.203125
0 0.6640625 0.81171875 0.059375 0.2734375
0 0.7296875 0.80234375 0.0625 0.2359375