0 0.43794665831754376 0.3919129969970694 0.07390666560701079 0.2102318458553869
0 0.8096245523851294 0.5083922538799707 0.13144637797604233 0.09728085969555131
0 0.4757537528499916 0.04636436954420202 0.05775750569998319 0.09272873908840404
0 0.2195419576774546 0.06336748022833652 0.06408391535490923 0.12673496045667304
0 0.14986324220632988 0.051518737642710324 0.06535148441265974 0.10303747528542065
0 0.4853958226640467 0.23015048463977977 0.06856360174504025 0.20066584486680367
0 0.5574182881351715 0.24053488631293493 0.07067240496334896 0.20854201186299806
0 0.8065884896084399 0.0561810854380825 0.07255197921687966 0.112362170876165
0 0.28552150880207633 0.22889302665456465 0.06234645273377613 0.17859984387822053
0 0.6043704257464694 0.05084893969642636 0.06499085149293879 0.10169787939285271
0 0.34503363057393244 0.06788388387865804 0.06819226114786484 0.13576776775731608
0 0.8234421258823554 0.22421091346179117 0.07190712303236388 0.20391817885919253
0 0.16237358590559853 0.22685963585582442 0.06932842625067251 0.21160334486680368
0 0.8750653379992854 0.050842328023708694 0.06888067599857095 0.10168465604741739
0 0.2278018439513702 0.24378053901185437 0.0719071230323638 0.20391817885919253
0 0.6733771518612558 0.06432384927824694 0.06862930372251164 0.12864769855649388
0 0.8858328652386938 0.2201017336140155 0.08193768689433441 0.21367518083635878
0 0.7395813060683002 0.048892508860067525 0.06666261213660044 0.09778501772013505
0 0.7576914397443258 0.23629176080005285 0.06925201659574647 0.18822951186299813
0 0.19394954794565397 0.7904592208367964 0.07205994234221587 0.25066584486680377
0 0.8573564840836836 0.75402574745418 0.06768951659574647 0.18816584486680377
0 0.9611060168478481 0.22095196779668475 0.07623399011264312 0.22123301285158128
0 0.6301509477900975 0.2610755379860901 0.06954694753799603 0.21472834486680376
0 0.942034316711962 0.046380321103626464 0.07156863342392406 0.09276064220725293
0 0.9859375 0.03723081418354425 0.028125 0.0744616283670885
0 0.3219652873019923 0.7836760271488562 0.06587564431968733 0.20678851087441483
0 0.9899637183211164 0.20676479239753337 0.020072563357767238 0.21989600593149908
0 0.982505405467552 0.7754484668081016 0.034989189064895856 0.21823534684397003
0 0.35040346362953934 0.23800142981059463 0.06311127723940828 0.18953734387822055
0 0.6930497855372815 0.25302827464021727 0.07012610174504026 0.20072951186299814
0 0.5923870479456539 0.7742241368072265 0.0667497294689813 0.21928851087441484
0 0.46041042826748485 0.7803852479856526 0.07395022427320104 0.25541701186299814
0 0.2604979095780514 0.7673772065023403 0.08009096362953931 0.2541091798477758
0 0.9253088085893157 0.7622255666178211 0.09349789976756888 0.24530718281352523
0 0.3885736330949479 0.7950645133086918 0.06653120818165767 0.21616351087441502
0 0.4121829257464694 0.05470079296618704 0.0587408514929388 0.10940158593237408
0 0.5268930879224109 0.8011805676435854 0.07529420298587759 0.2523556788591925
0 0.6563949176238231 0.7708325399632564 0.07201638367602552 0.20548067885919252
0 0.7208234043822713 0.7846602766173836 0.07849561264080371 0.2758568458553867
0 0.785792840520301 0.7726112627772193 0.07899835719292199 0.23848417984777548