0 0.23507508334949723 0.4273602893061831 0.17059902667183913 0.1393544960216353
0 0.7113836522758131 0.0738314685710044 0.13820111485312836 0.12492836935072646
0 0.8911179181968066 0.3884468572167781 0.199457350309261 0.1677885786919079
0 0.9680634422835718 0.6647906338717786 0.06387311543285641 0.19972837468172652
0 0.6797490809336012 0.6442717852482767 0.2049101248550679 0.17721812269254436
0 0.21264261864615014 0.257929036640683 0.15251870636839734 0.1282170013526355
0 0.21600725045904196 0.1171313139720013 0.1457904742462448 0.10316245735199914
0 0.576912154860887 0.3232876705920035 0.15758884364130096 0.13295904535327185
0 0.648403872898214 0.5093518925843674 0.14725712152108805 0.15937609468490824
0 0.6065674460765936 0.4183456319223672 0.15184902667183914 0.13913632001909004
0 0.47372428454774695 0.05548309993636656 0.09904302000387943 0.1041795173456358
0 0.553538685615612 0.24770641526100334 0.13405574879205204 0.11239200668363551
0 0.982381936364518 0.0893724632002334 0.03523612727096399 0.1082670333386361
0 0.5290491265220579 0.17761209126354865 0.1376909318225902 0.11867836935072647
0 0.96328125 0.03914048460377562 0.0734375 0.07828096920755125
0 0.5083222962166765 0.1152939045990031 0.1301654742462448 0.10298064401654469
0 0.7156381388192073 0.8252763372454132 0.24677863152302776 0.21204765603118042
0 0.9303092533339798 0.01198763860600279 0.07311850666795969 0.02397527721200558
0 0.21583164940087518 0.18203869863941033 0.1310902454580721 0.09518632535009015
0 0.9882015016669901 0.020540647199278894 0.023596996666019977 0.029978401336727113