0 0.490625 0.1578125 0.146875 0.16875
0 0.7734375 0.93828125 0.2125 0.1203125
0 0.73359375 0.60234375 0.1890625 0.1984375
0 0.46484375 0.846875 0.1734375 0.19375
0 0.11796875 0.68984375 0.1296875 0.1328125
0 0.9125 0.62109375 0.171875 0.2421875
0 0.5859375 0.58515625 0.16875 0.1453125
0 0.48359375 0.54921875 0.1453125 0.1453125
0 0.3796875 0.52734375 0.140625 0.1546875
0 0.296875 0.51015625 0.115625 0.1265625
0 0.03125 0.9421875 0.0625 0.1125
0 0.140625 0.97734375 0.1 0.0421875
0 0.3046875 0.15546875 0.13125 0.1484375
0 0.06875 0.96015625 0.103125 0.0765625
0 0.22265625 0.49296875 0.1234375 0.1328125
0 0.15625 0.17265625 0.1125 0.1421875
0 0.15546875 0.47578125 0.1078125 0.1234375
0 0.09140625 0.45 0.1109375 0.090625
0 0.13515625 0.49296875 0.0671875 0.0890625
0 0.22421875 0.16640625 0.1015625 0.1265625