0 0.05625 0.328125 0.1125 0.078125
0 0.61171875 0.940625 0.2890625 0.096875
0 0.9640625 0.43125 0.06875 0.065625
0 0.94921875 0.52890625 0.0984375 0.0609375
0 0.93046875 0.7828125 0.1359375 0.071875
0 0.68515625 0.384375 0.2453125 0.071875
0 0.65859375 0.5734375 0.3015625 0.08125
0 0.93046875 0.8625 0.1359375 0.06875
0 0.94296875 0.690625 0.1109375 0.065625
0 0.95234375 0.6109375 0.0921875 0.053125
0 0.9203125 0.95546875 0.15625 0.0828125
0 0.0328125 0.8078125 0.065625 0.084375
0 0.6 0.11875 0.0875 0.075
0 0.51171875 0.1109375 0.0984375 0.071875
0 0.4234375 0.103125 0.078125 0.071875