0 0.8 0.4296875 0.159375 0.1375
0 0.2953125 0.08203125 0.128125 0.1234375
0 0.14140625 0.3984375 0.1859375 0.165625
0 0.05546875 0.67578125 0.1109375 0.1984375
0 0.3734375 0.6515625 0.190625 0.175
0 0.80859375 0.26015625 0.1421875 0.1265625
0 0.79375 0.11953125 0.1375 0.1015625
0 0.45 0.3296875 0.146875 0.13125
0 0.39375 0.51640625 0.134375 0.1578125
0 0.428125 0.425 0.140625 0.1375
0 0.53125 0.0609375 0.090625 0.103125
0 0.4671875 0.25390625 0.125 0.1109375
0 0.01953125 0.10078125 0.0390625 0.1078125
0 0.4859375 0.18359375 0.128125 0.1171875
0 0.03671875 0.04453125 0.0734375 0.0890625
0 0.5015625 0.12109375 0.121875 0.1015625
0 0.35234375 0.8328125 0.2296875 0.209375
0 0.07109375 0.0171875 0.0703125 0.034375
0 0.79921875 0.184375 0.1234375 0.09375
0 0.0125 0.03203125 0.025 0.0296875