0 0.1 0.86328125 0.18125 0.1609375
0 0.74765625 0.8984375 0.1546875 0.1375
0 0.275 0.58515625 0.11875 0.1046875
0 0.743359375 0.757421875 0.151171875 0.087890625
0 0.01953125 0.6015625 0.0390625 0.09375
0 0.38046875 0.89609375 0.1390625 0.1359375
0 0.06953125 0.503125 0.0859375 0.0875
0 0.409375 0.80625 0.140625 0.128125
0 0.03828125 0.5515625 0.0765625 0.084375
0 0.4953125 0.571875 0.08125 0.090625
0 0.340625 0.95 0.134375 0.096875
0 0.91640625 0.296875 0.0640625 0.04375
0 0.42890625 0.73671875 0.1140625 0.1015625
0 0.44921875 0.67421875 0.1203125 0.1015625
0 0.7375 0.6203125 0.125 0.090625
0 0.46796875 0.6171875 0.1140625 0.078125
0 0.74296875 0.6734375 0.1140625 0.08125
0 0.89609375 0.27734375 0.0453125 0.0359375
0 0.8734375 0.4796875 0.09375 0.075
0 0.98828125 0.415625 0.0203125 0.075
0 0.965625 0.36953125 0.059375 0.0421875
0 0.35625 0.33203125 0.034375 0.0390625
0 0.9890625 0.6421875 0.01875 0.078125
0 0.9671875 0.58828125 0.0625 0.0828125
0 0.86015625 0.4640625 0.0703125 0.04375
0 0.97421875 0.40625 0.0234375 0.04375
0 0.84609375 0.4359375 0.0609375 0.046875
0 0.3171875 0.35078125 0.059375 0.0453125
0 0.83203125 0.41484375 0.0546875 0.0484375
0 0.815625 0.36328125 0.053125 0.0328125
0 0.82734375 0.3890625 0.0609375 0.046875
0 0.82421875 0.3796875 0.0796875 0.071875
0 0.99375 0.70546875 0.009375 0.0453125
0 0.3640625 0.3359375 0.015625 0.028125
0 0.97265625 0.38125 0.0484375 0.046875
0 0.95078125 0.37109375 0.0328125 0.0359375