0 0.9092419240531339 0.8161142486452629 0.18151615189373232 0.17043640999505136
0 0.26279801678863074 0.885212724446545 0.15628745735199914 0.14560682835784533
0 0.7318089094127691 0.5471606100197951 0.11996814934754489 0.11091092378986112
0 0.26545402643615434 0.7439719097699383 0.15200153517862444 0.09599828386441231
0 0.9836959367043164 0.5501783101560808 0.03260812659136718 0.09579717887824372
0 0.6299582447883125 0.8636254929910535 0.14064427601845358 0.14322545680654813
0 0.9363231394016331 0.45436119912023276 0.08695565467854464 0.09200379353213642
0 0.6000065681094495 0.7752966553609537 0.1421158693507266 0.1354948439616777
0 0.9646823073679075 0.5011609560176378 0.07063538526418504 0.08838747060135788
0 0.5113418680776328 0.5454254488930902 0.08230451734563574 0.09488313206674696
0 0.6704292507956304 0.9154436205352446 0.13550224267981753 0.10391729534115868
0 0.0870482033736345 0.2924940372005583 0.06457157733927246 0.047107373360319824
0 0.5796662487666773 0.7067889948000757 0.1152442866804538 0.10754026232447185
0 0.5586264954248594 0.6453535278167625 0.12149428668045381 0.10786781094499087
0 0.26971798941754155 0.6065554579382016 0.12605451734563583 0.09717597241038015
0 0.5392128767504507 0.5893049236783195 0.11497156667727211 0.08410276232447203
0 0.2648674047580867 0.6599670629811558 0.1150079293443631 0.08722776232447185
0 0.10713343670431645 0.2718982541838715 0.04573067067154524 0.03831222749876275
0 0.13214416939845156 0.4730546404344901 0.09462270401018133 0.07991322930778502
0 0.016554984723088313 0.41501084633652685 0.02118520401018135 0.07606453301668684
0 0.03867488538349769 0.3677297325871455 0.059865896005727004 0.04529921189493056
0 0.647613533378407 0.29829374208654225 0.03482953333863605 0.040864017412854545
0 0.01841002808717781 0.6416142899140918 0.019659066677272234 0.07910764586155708
0 0.03965777207985997 0.5865616197422752 0.06346361067790858 0.08608798620519006
0 0.1452436060629971 0.45673359961588716 0.07082157733927245 0.04743492198083885
0 0.030508396721815646 0.4048988619403591 0.023946577339272457 0.04497830732694617
0 0.15897884205917912 0.42787161521971945 0.06148294000636332 0.050068599050060315
0 0.6868942093809524 0.3149965632082984 0.059902258672817864 0.048424211894930555
0 0.1727958940563156 0.40604088082355166 0.05525112133990877 0.05130355042954129
0 0.1886021600493159 0.3536185656946893 0.05350680800445433 0.035596663274411536
0 0.17718340205281574 0.3800139693581624 0.06148294000636332 0.050068599050060315
0 0.18019931405154307 0.3704751950479029 0.08052384134309047 0.07605124491161738
0 0.014458872095768321 0.705141201379481 0.0099022586728179 0.04580382293077854
0 0.6398464867122706 0.302609427862191 0.015952264003817974 0.028943871551297563
0 0.03177999538508853 0.37981697478522936 0.04898294000636335 0.049413501809022264
0 0.053536816717043134 0.36851430461341284 0.03323067067154524 0.03765713025772479