0 0.16036650562310859 0.8661909528238516 0.19250384629715872 0.16621133636823088
0 0.8104811201054976 0.920192075018953 0.1643024366422324 0.1420009465556454
0 0.3159181110513198 0.5931579327655919 0.1260704631253363 0.10814277210332364
0 0.7963234720150261 0.7790514237257405 0.15713613128643028 0.09247890680241663
0 0.061596597809767985 0.6021308013327835 0.045618138619704096 0.09488660266556703
0 0.44312972914000504 0.9071642599626228 0.14856817599857094 0.1399838054894186
0 0.10471317725907867 0.5051481527447093 0.09205609604505716 0.09000052586424748
0 0.46575349212945527 0.8181615959351424 0.14958437278026224 0.1322167695960413
0 0.07685025721259245 0.5526763706122557 0.08246257475773369 0.08660274122451135
0 0.535301895580195 0.5862871217993899 0.0875871173323807 0.0929891335443795
0 0.40705547134633485 0.9547593593294845 0.1411491599070276 0.09048128134103095
0 0.9371657722957296 0.32353969853420245 0.06712179802252863 0.04561402837152997
0 0.4804226434865081 0.749198647267926 0.12116444183801285 0.10488137978345584
0 0.4963647177400386 0.6872896806540207 0.12741444183801284 0.10506323620994636
0 0.7808764755337088 0.6417715583259055 0.13133711733238068 0.0942621285298145
0 0.5111267042463854 0.630803999933493 0.11952553218308673 0.08144387978345584
0 0.7900600874182078 0.6950556826990849 0.11974405347041017 0.08456887978345566
0 0.9154875142499579 0.3034174151481076 0.047825494804219916 0.03725595909205772
0 0.9069805176041527 0.5051019356020787 0.09899451089576346 0.07772784639736088
0 0.9801513117682834 0.3976280678928169 0.03969737646343319 0.043915136051661904
0 0.37946788677811866 0.3423970663099713 0.03710651609154336 0.04006271034569897
0 0.9870893626408037 0.6164235319994396 0.025821274718392573 0.08463106426490725
0 0.8926066611675353 0.489090490695786 0.07337179802252862 0.04579588479802066
0 0.9946890591703934 0.43459687047924167 0.010621881659213272 0.04443196159934022
0 0.8765774695816241 0.4605563137361818 0.06421531930985225 0.04864810015828454
0 0.34171651450205953 0.36001046364440425 0.06254355866619025 0.04704013605166191
0 0.8610399508921907 0.4390533867765777 0.05807457995351371 0.05002874373179385
0 0.8410280996513535 0.3870135136570395 0.05541947351689629 0.03435827962517113
0 0.8545496502717722 0.41313574445670964 0.06421531930985225 0.04864810015828454
0 0.8507690864098016 0.4036698162434643 0.08471348960843983 0.07419366943775678
0 0.387553538387273 0.3465306368430847 0.017591691585911208 0.02857964106622681
0 0.9867290936992686 0.409551406372619 0.026541812601462666 0.048284387305303156
0 0.976730652869662 0.3987586588799014 0.03532549480421991 0.036892246239076346