0 0.95 0.61328125 0.096875 0.2890625
0 0.34375 0.04765625 0.078125 0.0953125
0 0.58046875 0.64765625 0.0796875 0.3015625
0 0.38984375 0.66640625 0.0703125 0.2453125
0 0.53125 0.94296875 0.0625 0.1109375
0 0.78671875 0.9296875 0.0734375 0.1375
0 0.43671875 0.95625 0.0671875 0.084375
0 0.6140625 0.94921875 0.053125 0.0984375
0 0.8234375 0.03203125 0.0875 0.0640625
0 0.92421875 0.0109375 0.0734375 0.021875
0 0.6953125 0.940625 0.0625 0.115625
0 0.8671875 0.93046875 0.071875 0.1359375
0 0.9578125 0.92265625 0.078125 0.1515625
0 0.99609375 0.921875 0.0046875 0.153125