0 0.047832013295353956 0.33172966378737556 0.09566402659070791 0.08533432757475108
0 0.5569335824735469 0.9610631176725736 0.29470482622365457 0.07787376465485281
0 0.9389450477785697 0.4930299321336312 0.07257222099021768 0.0700307001845701
0 0.918413468924079 0.5897349514119626 0.1019867052052021 0.06724566162790727
0 0.8848751139024035 0.8424396468161707 0.14012374203690497 0.08058627081949084
0 0.6627689556287251 0.42828180752122735 0.24949874203690497 0.08759533929494338
0 0.6251948189664314 0.6156421051771888 0.30629477360693613 0.10057500308231901
0 0.8802338455571395 0.9221271468161707 0.1399417315135615 0.07746127081949084
0 0.9027444243410427 0.7510531832133653 0.11475972099021767 0.0727341980251019
0 0.9167606926863069 0.6719664605112612 0.09528167889684269 0.05903264342931003
0 0.8646627824876643 0.984016163630492 0.16107327886860787 0.031967672739016
0 0.010516210890396978 0.8099152205426356 0.021032421780793956 0.08858044108527138
0 0.5930836001129395 0.15719974706533932 0.09186825256024882 0.08060725478036197
0 0.5052573764212986 0.14372992751015268 0.10262374203690498 0.07818316162790725
0 0.4174311527296579 0.13026010795496604 0.08231124203690499 0.07688147748246603