0 0.5016603250098353 0.19786186789724408 0.1586751495154674 0.18073930121764636
0 0.8390485165188719 0.9662935192549732 0.22091306956195353 0.06741296149005364
0 0.7757137281315989 0.6622264832094145 0.20293860174504025 0.21387053667377884
0 0.5240630188646603 0.8848198628962741 0.18698581981405518 0.20790757909743363
0 0.166207324176656 0.6994734547014074 0.1389746547112475 0.14339879788366652
0 0.9307629529858776 0.6955804724585686 0.13847409402824482 0.2562175333397988
0 0.6268556110513197 0.6329859091129508 0.17891123986054147 0.1590874418245299
0 0.5219988662470998 0.5886941619878886 0.15547373986054147 0.15717425546001174
0 0.4165629672358356 0.5583373691051922 0.15144180372251181 0.16616661818710804
0 0.3325486001555565 0.5343899439505617 0.12447511213660052 0.13600088606495558
0 0.09713416812802622 0.94296875 0.07036676634364492 0.1140625
0 0.20896753261041523 0.9818238269714016 0.10295003737886681 0.03635234605719688
0 0.31555893404434265 0.18034017273873437 0.14162976114786482 0.15915134364130096
0 0.13589066553013618 0.96163900166699 0.108478771539425 0.07672199666601998
0 0.2571279830752774 0.5111440204629213 0.1327246547112475 0.14288861485312837
0 0.16832330112462174 0.18541082576345352 0.12244271857321784 0.15137079454968655
0 0.18873861599499833 0.4884720528846363 0.11644409084927707 0.13223815727678295
0 0.12287331537457968 0.45746142682162033 0.11727461733238065 0.09968074879205205
0 0.16962798307527743 0.5040014580353873 0.07341535668871887 0.09454696757828493
0 0.2358550085499748 0.1847090662205558 0.11041261213660052 0.13485297424624482