0 0.08930084823735854 0.6170700234452168 0.11539896668512442 0.2964032485501075
0 0.6593039512643043 0.09738390146847006 0.08423290252860856 0.10123245850815121
0 0.4610349483296436 0.6794464271887719 0.09901250308231901 0.3076008576783142
0 0.6528615029254354 0.7126411259486609 0.08603283929494339 0.250640462657336
0 0.5291781832133653 0.9603258838228234 0.06960919802510172 0.07934823235435325
0 0.2728583320413461 0.9371583031142109 0.08224890036914027 0.12568339377157828
0 0.6245605343853845 0.9770999093426326 0.07259449568106327 0.0458001813147348
0 0.44676620141196255 0.9636159045687478 0.059433161627907086 0.07276819086250441
0 0.1786151557678111 0.04541035622842171 0.09160531153562217 0.07069285352912935
0 0.07648215684754525 0.016679859752906666 0.07483931369509049 0.027439760997662127
0 0.3649654888888913 0.9517661773892646 0.06990958667404978 0.09646764522147074
0 0.19243964681617073 0.9349203742750538 0.08058627081949092 0.13015925144989246
0 0.10131399906792413 0.923555899170163 0.08783756631598413 0.15288820165967393
0 0.06298268429309947 0.9221709979254076 0.01450019586563347 0.15348019751048908