0 0.8049998667249973 0.41572344805742595 0.16097495735199913 0.14028190097293472
0 0.29626702001113586 0.07687655113838573 0.12956132535009016 0.1256739301939279
0 0.14604249005408843 0.39596924472499423 0.1878647213558171 0.16887055113509036
0 0.06333217675840488 0.6748130393672629 0.11324652936027149 0.20037392126547413
0 0.38101911608845046 0.6450441241908689 0.19266130935708983 0.1783273717519414
0 0.8116209420353165 0.24604219359319907 0.14366018801718106 0.1290443920444809
0 0.7951408720162265 0.1056762922132273 0.138681786680454 0.10396257142762991
0 0.45383626137808886 0.3218327207823021 0.14840223201781733 0.13381371266133196
0 0.39975893073676955 0.5095333181845143 0.13621131468808995 0.1601580243497292
0 0.43307032272436097 0.4175270503276069 0.14222495735199914 0.1399546185055307
0 0.5319590720082723 0.05200896469322214 0.09182496801399935 0.10401792938644427
0 0.4701419667011348 0.24575146185384833 0.12629087468172653 0.11311938311602728
0 0.02070394601368119 0.10044033076312076 0.04031701201463569 0.10849433847375849
0 0.4880738066915898 0.17511167938644429 0.12948860001590834 0.11942393019392786
0 0.03723691800604518 0.04453125 0.07447383601209036 0.0890625
0 0.5029715533497721 0.11233894399694086 0.1230567866804538 0.10368983603812651
0 0.3620344007797221 0.8266623169666983 0.23212379869508962 0.2133842102256999
0 0.07129374466899989 0.01687385430207109 0.07071248933799978 0.03374770860414218
0 0.8013641473583626 0.1704245848269011 0.12452838001272681 0.09590460957707685
0 0.01287271733768162 0.03181306168839728 0.025345445337363454 0.030123876623205436