0 0.030086886354819698 0.6173627142443051 0.060173772709639396 0.2969703369733413
0 0.6523598543921467 0.10122546820650484 0.08590529121570664 0.1016897878817268
0 0.3666635334604851 0.6819022859248728 0.10430383122346534 0.30806733363936123
0 0.5557579843688707 0.7162128683562861 0.09033718394862209 0.2510520590935542
0 0.3917761352675579 0.9616064060688349 0.07155574879205204 0.07678718786233034
0 0.13739152420745146 0.9376750853063512 0.08466152667183913 0.12464982938729748
0 0.48522324632766434 0.9786502559190537 0.07407497091226496 0.04269948816189242
0 0.3084534522370198 0.9646677621279716 0.061160382730975724 0.07066447574405679
0 0.17394781196849202 0.04644392061270249 0.09272937606301594 0.07120506242753397
0 0.07488842969655826 0.017123469245274962 0.07522314060688348 0.02786965060882316
0 0.22790495390400975 0.9525665037930218 0.07193838606495558 0.09486699241395655
0 0.05685900132863421 0.9352039184866706 0.08297148091420456 0.1295921630266587
0 0.006060099681040923 0.9235650457576344 0.012120199362081845 0.1528699084847311