0 0.05120285753439584 0.32353335272515676 0.10240571506879168 0.0873082945496865
0 0.5788714011968248 0.8906908358860794 0.2924454495445129 0.12047096516238902
0 0.9490029181566838 0.3525542675394917 0.07104167549789579 0.07123701333591956
0 0.9307489367610053 0.45142220223701973 0.10056548439090349 0.06897288273097572
0 0.9031323351322413 0.7068590013286341 0.13844743030721957 0.08297148091420467
0 0.6717335792266095 0.3284461852772562 0.2478224303072194 0.0918996839486221
0 0.638568871244576 0.5196769631570433 0.3043998125212045 0.10586633122346534
0 0.9003495863133676 0.7865465013286341 0.1383383029025577 0.07984648091420468
0 0.9188515935697616 0.6136511352675579 0.1132291754978958 0.07468074879205204
0 0.9310093423886354 0.5331983607217508 0.09404266587924895 0.06065019970043757
0 0.8869467960246815 0.8803442987532588 0.15914187622353565 0.09556707576345361
0 0.019444392928940322 0.8051340390896747 0.038888785857880644 0.08973192182065048
0 0.5958531586228549 0.06977242906833843 0.09011905771188111 0.082142562427534
0 0.5078447271345092 0.06916626437468967 0.10094743030721923 0.07991038273097573
0 0.4198362956461635 0.06856009968104092 0.0806349303072194 0.07825228788172678