0 0.49833967499016474 0.18450771257229912 0.1586751495154674 0.1764473925821967
0 0.16095148348112812 0.9422151554724956 0.22091306956195358 0.11556968905500895
0 0.22428627186840117 0.6163055099496227 0.20293860174504036 0.20834584577069998
0 0.47593698113533967 0.87492135063194 0.18698581981405518 0.2028394742194024
0 0.833792675823344 0.7360690490707449 0.13897465471124731 0.1396091338757694
0 0.0692370470141224 0.6256794306872662 0.1384740940282448 0.25119508706427285
0 0.37314438894868024 0.6068563461093842 0.1789112398605414 0.15415631275401315
0 0.4780011337529002 0.576282454770383 0.15547373986054147 0.15292800542706697
0 0.5834370327641645 0.5598529505865114 0.15144180372251181 0.1620573439616777
0 0.6674513998444436 0.5470054698083884 0.12447511213660042 0.1326221494796016
0 0.9028658318719739 0.9675348965389254 0.07036676634364483 0.06493020692214913
0 0.7910324673895847 0.9993337731786056 0.10295003737886681 0.0013324536427887779
0 0.6844410659556572 0.19190853403273958 0.14162976114786474 0.15531602103089912
0 0.8641093344698639 0.983988734169025 0.10847877153942491 0.032022531661949925
0 0.7428720169247226 0.5337076096770516 0.13272465471124734 0.1392815852552504
0 0.8316766988753782 0.21687531377006602 0.12244271857321784 0.14808337516934209
0 0.8112613840050017 0.5200412573476308 0.11644409084927716 0.129087713703953
0 0.8771266846254203 0.49761738070795064 0.11727461733238051 0.09643898801421251
0 0.8303720169247226 0.5382932903643176 0.07341535668871871 0.09258364767057933
0 0.7641449914500252 0.20706322252192183 0.11041261213660061 0.1318851650834338