0 0.98125 0.2984375 0.034765625 0.1203125
0 0.328125 0.4046875 0.0375 0.130859375
0 0.215625 0.162109375 0.036328125 0.122265625
0 0.169921875 0.70703125 0.03125 0.122265625
0 0.37578125 0.1546875 0.036328125 0.124609375
0 0.678125 0.1296875 0.03359375 0.139453125
0 0.382421875 0.353125 0.032421875 0.122265625
0 0.465625 0.3421875 0.030078125 0.109375
0 0.636328125 0.33671875 0.036328125 0.12890625
0 0.805859375 0.639453125 0.03359375 0.11171875
0 0.722265625 0.659765625 0.034765625 0.130859375
0 0.59453125 0.348828125 0.034765625 0.130859375
0 0.765625 0.64921875 0.032421875 0.130859375
0 0.42109375 0.158984375 0.032421875 0.124609375
0 0.419921875 0.34765625 0.032421875 0.1203125
0 0.1703125 0.159765625 0.032421875 0.113671875
0 0.26875 0.158984375 0.038671875 0.1375
0 0.941015625 0.791796875 0.03359375 0.141796875
0 0.555859375 0.81328125 0.032421875 0.12890625
0 0.765234375 0.794921875 0.03359375 0.1265625
0 0.5109375 0.348828125 0.03125 0.1265625
0 0.512109375 0.673828125 0.03125 0.12890625
0 0.169140625 0.391796875 0.080859375 0.06640625
0 0.55078125 0.67578125 0.03125 0.124609375
0 0.17109375 0.191015625 0.03125 0.047265625
0 0.630078125 0.141796875 0.02890625 0.124609375
0 0.807421875 0.29921875 0.03125 0.122265625
0 0.722265625 0.314453125 0.030078125 0.122265625
0 0.33359375 0.158984375 0.03359375 0.133203125
0 0.854296875 0.66328125 0.03125 0.107421875
0 0.515625 0.823046875 0.03125 0.122265625
0 0.80546875 0.802734375 0.032421875 0.116015625
0 0.640234375 0.685546875 0.032421875 0.1265625
0 0.426953125 0.6953125 0.025390625 0.098828125
0 0.680859375 0.323046875 0.03125 0.122265625
0 0.767578125 0.12109375 0.03125 0.13515625
0 0.765625 0.31875 0.030078125 0.1265625
0 0.6796875 0.670703125 0.03359375 0.122265625
0 0.46796875 0.153515625 0.030078125 0.1265625
0 0.255859375 0.6921875 0.032421875 0.13515625
0 0.723046875 0.811328125 0.02890625 0.124609375
0 0.253125 0.853125 0.0265625 0.113671875
0 0.4296875 0.8359375 0.030078125 0.122265625
0 0.680859375 0.812109375 0.03359375 0.130859375
0 0.8078125 0.110546875 0.034765625 0.14375
0 0.5953125 0.6796875 0.0265625 0.12734375
0 0.063671875 0.17578125 0.036328125 0.1375
0 0.34140625 0.705078125 0.030078125 0.113671875
0 0.175390625 0.849609375 0.03984375 0.1375
0 0.387890625 0.831640625 0.03125 0.130859375
0 0.5078125 0.1578125 0.027734375 0.122265625
0 0.930078125 0.10390625 0.041015625 0.13515625
0 0.29765625 0.851953125 0.0265625 0.1203125
0 0.341015625 0.8328125 0.03125 0.1203125
0 0.385546875 0.696484375 0.03359375 0.11796875
0 0.580859375 0.146875 0.03125 0.122265625
0 0.848046875 0.3078125 0.03359375 0.113671875
0 0.06875 0.369140625 0.03125 0.124609375
0 0.892578125 0.116015625 0.03359375 0.124609375
0 0.1390625 0.16953125 0.032421875 0.11171875
0 0.851953125 0.12109375 0.02890625 0.1265625