0 0.015937970780036576 0.2967970875588889 0.03187594156007315 0.12333701043829856
0 0.6648111534118619 0.34590605419351983 0.039787568079459844 0.13433551238222208
0 0.7815453703339023 0.09348545454685335 0.038270376115232804 0.1256221489750578
0 0.8177368486249712 0.634408824221645 0.03338074523049528 0.12480433323518518
0 0.6215186696439163 0.10007543581467712 0.03831128642365833 0.12796589897505778
0 0.31961129626712176 0.1015270864275932 0.036415129158949 0.1422310600495138
0 0.6114143051972232 0.29909391522090395 0.03435730773049528 0.12488977138315968
0 0.5284020949698756 0.29543574542833434 0.03179196022652384 0.11198940732802072
0 0.3577944273562017 0.3049015836942831 0.03878032284814061 0.13249226173424766
0 0.18297892918457337 0.6224680211826624 0.035543808034949276 0.11465782229032406
0 0.2662181231782189 0.6354670157160422 0.03724168719472214 0.13372274819748836
0 0.3993799324293366 0.31335420596097296 0.03685106219472223 0.13368857293829847
0 0.22304284456613374 0.6287135944861115 0.034904755579459754 0.13390832164234948
0 0.5761311674118029 0.10833664088069557 0.034788843038920804 0.12726769664234946
0 0.5740097625835494 0.29690599010312607 0.03432662499917605 0.1231319588831596
0 0.8268987806423276 0.08717737448083493 0.034597928266268244 0.11633019664234948
0 0.7284749174118029 0.09500828979666806 0.041267258927629946 0.1409004382893865
0 0.04516350913691521 0.7866364108623382 0.03606541446737457 0.14454063479032406
0 0.429944747976348 0.7744239803011814 0.034483447848140614 0.1321163338831596
0 0.22089021205901452 0.7743825442269218 0.03580290665497756 0.12950157229032405
0 0.48297368242933664 0.3060407004943528 0.03345915665497756 0.1292965207351851
0 0.4761289113276659 0.6311432262719222 0.03350006696340309 0.1316402707351852
0 0.8240205351082022 0.3191060987032655 0.08182318790538971 0.0734634410226966
0 0.4374229444039779 0.6364797019317139 0.03342847392365833 0.12753870823518518
0 0.825572059863321 0.11849572499921454 0.032078433745616766 0.05019495823518514
0 0.36744680134025665 0.10943290454724608 0.031077905538920803 0.12694303168004625
0 0.18735524229100992 0.28237034721942167 0.03338074523049528 0.1248043332351851
0 0.2722455752862441 0.2901545157160422 0.032411001115232894 0.1251095200872106
0 0.663631167411803 0.10068138282217723 0.03553160338788537 0.1363033345311342
0 0.13412550771558068 0.6505338783221994 0.0331284649952047 0.11035120823518518
0 0.4700086633579085 0.7806695536046305 0.033387563615232804 0.12519495823518517
0 0.18051946936426283 0.7857150959234727 0.03464565695943156 0.11906457164234929
0 0.34779935978553833 0.6540714612861812 0.03443571915497756 0.1293819588831596
0 0.5609101501670988 0.6451773947685427 0.02730757964624022 0.10087129197693283
0 0.3135018208220172 0.2951256882419219 0.033387563615232894 0.12519495823518517
0 0.23030817573134862 0.10075947078206063 0.03361597950394195 0.13828089573518515
0 0.22881119805413067 0.29824484448611155 0.032091969154977563 0.12917690732802073
0 0.30860533340556656 0.6426794124643525 0.0361219386152329 0.12543418504951376
0 0.5293516247981291 0.10696892198347326 0.032091969154977563 0.1291769073280208
0 0.7320584472449994 0.6270836312434043 0.03457890523446672 0.1375850838831596
0 0.26279133990003595 0.7870978662344218 0.031077905538920803 0.1269430316800463
0 0.7319836477331144 0.7877819044290755 0.028550059151006123 0.11619110512490742
0 0.5557211566615681 0.7860416215828715 0.03201355773049528 0.1246847198280209
0 0.3049652031305608 0.7841881882419219 0.03587449969472214 0.13360313479032407
0 0.19025789711926344 0.09373264747861149 0.03707947808343128 0.14677451043829853
0 0.3928235105566021 0.6442819314793526 0.028792111809190325 0.13005829262490742
0 0.9332598518680868 0.09386315372201567 0.03892350892762977 0.1406953867342476
0 0.6462865655486592 0.6474586380059735 0.03186355326626842 0.11609096982802072
0 0.8097793881957527 0.7774654028503025 0.042243821427629766 0.14098587643736096
0 0.5975930338936816 0.7780879938495614 0.03353074969472214 0.13339808323518518
0 0.48943287256601564 0.11475167342083428 0.03006043273049528 0.1245138435320717
0 0.0681081846598024 0.09778887860502328 0.04357691700394199 0.13915236484452537
0 0.6874728528873272 0.7905060089767143 0.028662562499176047 0.12263641762490725
0 0.6444475787394688 0.7751588377467836 0.03335006249917623 0.12304652073518518
0 0.602295945012886 0.6427266922944226 0.0356529021907507 0.12090782229032407
0 0.41657691233866806 0.11020494688932951 0.03338074523049528 0.12480433323518514
0 0.14658023782678303 0.2945183241751623 0.03558130915100603 0.11680625979032397
0 0.9248066264229822 0.2876668070914833 0.033421655538920805 0.1271480832351851
0 0.10539681473293724 0.10661742872280114 0.035765405538920804 0.127353134790324
0 0.8579783210238882 0.09420897874564979 0.034560427150211834 0.11418175914234947
0 0.14593317573134865 0.10814132676706048 0.03111540665497752 0.12909146918004621