0 0.5138004338578799 0.645893362304637 0.03477290132102695 0.1265337874717652
0 0.10491684172827047 0.8259373855939309 0.038419507176523295 0.13473498615281762
0 0.40910236910568204 0.3442314227432761 0.03582108919174569 0.12834847826031
0 0.6083198246194392 0.12119022294092015 0.03822121246172507 0.12030461246823579
0 0.36961011688136985 0.33595967928507225 0.03838833832673547 0.12440617496823574
0 0.2832428646570577 0.33041809367702396 0.034478441463627975 0.11930722497176519
0 0.030499866634224066 0.35453594606786354 0.03693360870696814 0.12217810786427297
0 0.763749447395127 0.10156557308915319 0.037997713326735294 0.1243834236528178
0 0.4804520467663266 0.7884028688464332 0.03484452669174569 0.12829159997176517
0 0.2369162582301733 0.8174661909826597 0.03570237822219058 0.11587122957572796
0 0.2762825057587154 0.8034268068100274 0.0374913595719784 0.12630242167969072
0 0.3902097307969902 0.6781510319229669 0.03732423370696818 0.1222008591796909
0 0.6161349484023008 0.3129870979409201 0.03531175322219049 0.11584847826031001
0 0.8096899943342372 0.12394917181608753 0.03255019726225896 0.048075040760310016
0 0.5654697855889943 0.13621561895231396 0.03724464996172507 0.1202477341796909
0 0.3083230608350463 0.6672583055299031 0.037981796577686834 0.1239927986528178
0 0.6477251993722934 0.11772046508370596 0.03612417207197858 0.12622279207572804
0 0.26588089285026867 0.663465447595043 0.03953202669174569 0.12856461575678074
0 0.48048861982852886 0.14547228071342974 0.032541233212676525 0.11958409339467532
0 0.5790255734023008 0.3151484729056266 0.03433519072219049 0.11579159997176518
0 0.3169466329830275 0.8116302963219774 0.03224610870696818 0.12190509207925757
0 0.36086442349634706 0.8035906476797475 0.03776194430580464 0.13294304667969073
0 0.2266346855879005 0.6708414554522572 0.03961956881151298 0.13071305325678076
0 0.8472986833635883 0.6241199889376972 0.03458985870696836 0.12204159997176518
0 0.31404324260421673 0.1445947147660637 0.03873850680580464 0.13299992496823573
0 0.2413896163870783 0.34107836074216397 0.03565396332673547 0.12424691576031002
0 0.19973732142513434 0.32784224886104996 0.03458985870696818 0.12204159997176518
0 0.1407064906642314 0.5415438514283574 0.07502353409682425 0.06711099401003189
0 0.6383056853407547 0.645689694001725 0.035486837461725075 0.12014535326031002
0 0.1811457720517472 0.6883698606715768 0.04108789761384011 0.10936518614928836
0 0.49148511688136987 0.32886126887466804 0.03467740082673547 0.12419003747176519
0 0.681967478572678 0.6505861729903313 0.03132227261384006 0.10879640326383928
0 0.1607935323946895 0.34264013171826413 0.03892719022789901 0.11372086575678075
0 0.34993622857267803 0.6699247910955991 0.037560002727899014 0.1136412361528178
0 0.6034902987434929 0.790633955805193 0.03326312772789901 0.11339097168322017
0 0.7775817147511042 0.7773618691287819 0.02964769072219049 0.11551858418674961
0 0.5171204923570709 0.13159215574872332 0.0357335470719784 0.12620004076031002
0 0.5220652145039584 0.7910693544121292 0.03693360870696818 0.12217810786427279
0 0.6448574215191808 0.777652690055471 0.03340571382102695 0.1264541578678024
0 0.4313785588578799 0.650693889857827 0.03024291589333359 0.09665290129071238
0 0.7635775993711995 0.6258637704371411 0.03888971592176631 0.13671086246823574
0 0.3616112858361401 0.14926368060049028 0.03442273284195787 0.11794003747176514
0 0.7323965487434929 0.7831260217172655 0.03224610870696818 0.12190509207925722
0 0.7148735721479812 0.10323761251639849 0.035892714562464435 0.13010629076031005
0 0.8549267940477229 0.7536709810451894 0.03415214810813154 0.11129941247176518
0 0.32464049163422404 0.337404205558138 0.035774003592909234 0.11762904207572795
0 0.8084962381555926 0.09465229681608754 0.03512871060813154 0.11135629076031003
0 0.2800416215585494 0.16536958183826234 0.04300985376405224 0.09915013154179624
0 0.5335857394099119 0.31466262549411017 0.03697406522789901 0.1136071091796909
0 0.1052657853418485 0.16184479351467349 0.037910171206968137 0.1222349861528178
0 0.41060720134945966 0.140928264857827 0.036211714191745695 0.128371229575728
0 0.23454013192008222 0.02678291983450317 0.05833011796564014 0.05356583966900634
0 0.6896314454551418 0.49273587563528454 0.07251265823181399 0.06287292361752428
0 0.0648722428513625 0.16028192900272362 0.04545075717652329 0.13514450983034115
0 0.691605087526792 0.7717975322053157 0.03174406646362797 0.11914796576383928
0 0.9125298221479813 0.09172544691490958 0.037442944676523385 0.13467810786427287
0 0.18527294961943913 0.14582989753857328 0.04004136266130089 0.14106461575678067
0 0.2256346586118279 0.1466115120505232 0.03960365206246443 0.13032242825678067
0 0.14523686933423727 0.16264915934204136 0.03722873321267657 0.11985710917969086
0 0.47524726982743515 0.6606684938464332 0.02686623012335403 0.10463988879424183
0 0.598684769827435 0.6534790781743571 0.03137068750929526 0.1004207170792574
0 0.8284107846190016 0.3143277599843846 0.0779575331082409 0.06260550453337572