0 0.4941733704248595 0.6515676535383019 0.031139734016942457 0.12618740503501122
0 0.08075258344601755 0.8267668803766834 0.0345532258513628 0.13434986357511108
0 0.39841323838317955 0.34883010535754744 0.032136750517181054 0.12799070166445253
0 0.6037712583545445 0.12821358261246846 0.034775673516067404 0.11991493222688768
0 0.3592280143817478 0.34010259553519395 0.034823399516624234 0.12401649472688767
0 0.273167790380316 0.3335583239260161 0.031055645349294725 0.11896084253501123
0 0.02015187838158869 0.35472281027716496 0.03343121268299924 0.1218043794456701
0 0.7595079093531127 0.11040744055365917 0.03443277451662432 0.12399830107511126
0 0.45674264511056306 0.7936213937159483 0.031160188017181057 0.12794521753501123
0 0.2127747427792448 0.8198361760762385 0.03238192484881743 0.11550889531622914
0 0.25248213277765397 0.8062616735950392 0.03386956368355607 0.1259241355974467
0 0.36985489676158656 0.682371428454994 0.03382183768299925 0.12182257309744653
0 0.6060030170472478 0.32001045761246844 0.031991299848817434 0.11549070166445245
0 0.8047206856898399 0.13331517059936576 0.031202684506283874 0.047717264164452454
0 0.560557334022908 0.14273307795965598 0.033799111016067404 0.11986944809744653
0 0.2884230834261321 0.6705307080244987 0.034428229183237846 0.12360767607511125
0 0.6432107473543853 0.12520414878304553 0.03250237618355598 0.12586045781622893
0 0.2461628580919503 0.6662456224163568 0.03584768801718106 0.12816354135632882
0 0.475451082690158 0.1509961690469252 0.02910706568268111 0.11926049927612895
0 0.5688936420472478 0.3217388545312326 0.031014737348817434 0.11544521753501122
0 0.2928392317790857 0.8149346024620634 0.028743712682999245 0.12158605562435235
0 0.3369162221116767 0.807409969811323 0.03394683435112418 0.1325647605974467
0 0.20676882242597303 0.6731613062457796 0.035872687350805954 0.1303119788563288
0 0.8277398484245413 0.6336865249212014 0.031087462682999244 0.12169521753501122
0 0.30931273368872625 0.14818159605192255 0.03492339685112418 0.13261024472688768
0 0.23107574238142964 0.3437263633178742 0.03208902451662432 0.12388913916445254
0 0.18987830404597514 0.330011696754403 0.031087462682999244 0.12169521753501122
0 0.12474102307445112 0.5429248235117313 0.07319273617520414 0.06626554740453408
0 0.6184739364258138 0.6528133222733862 0.03204129851606759 0.11978757666445254
0 0.16084779509465474 0.6901519071554024 0.03796644401455618 0.1089367657669877
0 0.48110301438174774 0.334426176180937 0.03111246201662432 0.12384365503501131
0 0.6619196727601547 0.6582157019261986 0.028200819014556087 0.1084819244725761
0 0.1505706297143387 0.3443492555838259 0.0356749653484993 0.11331979135632882
0 0.3298884227601548 0.6736803059361934 0.034307777848499296 0.11325611357511108
0 0.5795079831118357 0.7972835870581385 0.030010902848499298 0.11305598340557026
0 0.7536903704447449 0.7860442183658354 0.026327237348817433 0.11522689371369381
0 0.5124240976885671 0.13754902212816109 0.032111751183555984 0.12584226416445246
0 0.4982079844445858 0.796770991627643 0.03343121268299924 0.1218043794456701
0 0.621182134110404 0.7847899913180567 0.029772546516942455 0.12612372725379367
0 0.41175149542485945 0.6554065140631359 0.02747397617957894 0.09634525899491138
0 0.7441097357574504 0.6344549664013647 0.03496657751829453 0.13632118222688766
0 0.3566647200230671 0.15340203918697037 0.03103973668244251 0.11759365503501132
0 0.7084142331118357 0.7912796819719052 0.028743712682999245 0.12158605562435251
0 0.7106661483529536 0.11150977202571721 0.03215720451741966 0.12974851416445246
0 0.8315926491088131 0.7632648630105425 0.030962466014874224 0.11095303003501122
0 0.3142925033815887 0.3410229904894873 0.03240237884905613 0.11726670781622897
0 0.8043797856858628 0.10401829559936575 0.03193902851487422 0.11099851416445246
0 0.2747652846912716 0.16855083106002788 0.04018974267981754 0.0986943651776464
0 0.5235447793801569 0.3207243181373024 0.0337218403484993 0.11322882309744653
0 0.10038744802274895 0.16299332475233097 0.03440777518299924 0.12184986357511125
0 0.405819835355658 0.14564088906313585 0.03252737551718106 0.12800889531622897
0 0.23358493300445432 0.02798101566426193 0.05642540584221552 0.05596203132852386
0 0.6741549487388376 0.500529480462246 0.07080126017464732 0.062054822993875366
0 0.06010761968888534 0.16096102088530678 0.04158447585136282 0.13467734930708758
0 0.6680207714433131 0.779481753104881 0.028321270349294637 0.11883348697257609
0 0.9083223983529536 0.10230378422682625 0.03357666335136287 0.13430437944567006
0 0.1807243833545445 0.14791730748637932 0.03599313868554459 0.1406635413563289
0 0.22099512102163538 0.1491683613534035 0.035868142017419655 0.12992135385632886
0 0.14026756068983987 0.16426257227113164 0.03379456568268111 0.11947882309744653
0 0.4552563210932229 0.6658870187159482 0.02385849068069241 0.10437554430303493
0 0.578693821093223 0.6601378247545856 0.02849371934674938 0.10010168062435235
0 0.8178808537157704 0.3238213733496248 0.07626319217456796 0.0617235966187458