0 0.00829221410536668 0.2976734960456673 0.01658442821073336 0.12172113229080087
0 0.6388406487726555 0.3773106916364116 0.04819790042159653 0.13258269540866544
0 0.7711421276454169 0.1301485429104155 0.04612921125460669 0.12393323678699533
0 0.7723636696703727 0.6732081582717295 0.041214512315197994 0.12334365242388792
0 0.611591719994181 0.1292525350203406 0.04632052989105837 0.12627698678699534
0 0.3112887021163336 0.11657209878395536 0.045351890649177926 0.14064256966722805
0 0.588752783774595 0.3279606197541668 0.042191074815197994 0.12338344429650938
0 0.5064424790780369 0.32041338730151814 0.03881101553441759 0.11059263130221772
0 0.33618576422975766 0.3219002566357554 0.047077848944257816 0.13078509103604388
0 0.14194252368806642 0.6315425007228469 0.04271327167086927 0.1130875904181794
0 0.22387817883881747 0.6484488164264469 0.045626951482188004 0.1320886115398494
0 0.37699415960809 0.3323065394875554 0.045236326482188005 0.13207269479080086
0 0.18137973770285057 0.6396687005708412 0.04331508792159666 0.13238373604555792
0 0.5659284691606861 0.13539575290997793 0.042773018451649845 0.12574311104555794
0 0.5516991939263158 0.32401987766283213 0.04204758583785928 0.12162563179650929
0 0.8166459462818688 0.12595845002077813 0.04188019814820798 0.11480561104555793
0 0.7182722191606861 0.1291882207810248 0.05009121417183913 0.1390837165303355
0 0.00846342723075705 0.7893934458936618 0.0169268544615141 0.1429704029181794
0 0.37775305815122434 0.7951839063317442 0.04278097394425782 0.1306100067965094
0 0.16987672080343014 0.7853559088217927 0.04392495636839735 0.12793134041817938
0 0.46058790960808993 0.32890035519115546 0.04158120636839726 0.12783583992388783
0 0.4328865170201066 0.6539481054383012 0.04177252500484911 0.13017958992388792
0 0.7988772762731402 0.35794194977363236 0.08608475719946788 0.06969305867853545
0 0.39405520982306347 0.6574769885941125 0.041437717391058546 0.1260780274238879
0 0.813313781129178 0.1572402835188753 0.03512420238814897 0.04873427742388783
0 0.3583470974946659 0.12672371365097782 0.03906208095164985 0.12559190192959627
0 0.16815311241298647 0.29137179271904123 0.041214512315198085 0.12334365242388783
0 0.2520657912760498 0.30313631642644695 0.04026983625460669 0.12369448555126628
0 0.653428469160686 0.13183040112309202 0.044092344058048384 0.1347513611691308
0 0.09155995088413975 0.6573443026048731 0.04003471405707861 0.10889052742388791
0 0.41719027216600846 0.8033101061797385 0.04124639875460669 0.12373427742388757
0 0.12900461701525748 0.7948078339737983 0.04210340322406858 0.11753998604555811
0 0.30380492383784763 0.6708875491262413 0.04255776886839735 0.12787563179650938
0 0.5162890128526317 0.6719626291457069 0.03363726345067999 0.09967535956268314
0 0.2927705396090598 0.31004289102729554 0.04124639875460669 0.12373427742388783
0 0.2225370787833235 0.11162328431608426 0.04231459447479598 0.13682021492388782
0 0.20835566544255482 0.30919995057084126 0.04021401886839735 0.12778013130221771
0 0.2655634835353757 0.6576513907801498 0.0439807737546067 0.12384569466722795
0 0.5194998793124069 0.1318370127958097 0.04021401886839726 0.12778013130221771
0 0.6876378543679008 0.6618660930624211 0.043227384095978746 0.13607875679650938
0 0.21072499034826753 0.8000431499245441 0.03906208095164985 0.12559190192959627
0 0.6772350163315437 0.8226921758190808 0.035857397087616684 0.11494952643530461
0 0.5020755196655236 0.8126990463890472 0.039847324815197996 0.12328794380221772
0 0.25284871746945026 0.7991053910272956 0.044259763982188005 0.1320329029181794
0 0.1831636376473566 0.10271583446808985 0.04630452220237728 0.1451586322908009
0 0.34920509542897715 0.6631977479856526 0.036989365686623185 0.1288167139353046
0 0.9219792272661147 0.1376288025305109 0.04774746417183913 0.13898821603604392
0 0.6010387268674159 0.678242486104064 0.03914582314820816 0.11469419380221772
0 0.7552563692862214 0.81600911775841 0.05106777667183913 0.13912350840295673
0 0.5442231454990185 0.8066990792408472 0.041916013982188007 0.13193740242388757
0 0.47930537847891197 0.13775739619876667 0.037894199815197996 0.12320836005697475
0 0.06144008211730341 0.10105715192030099 0.05227553197479593 0.13722609202462704
0 0.6327994256497697 0.823334810210621 0.0363835233378591 0.1213948389353046
0 0.5910024861807927 0.8059609443550153 0.0410710233378591 0.12158583992388791
0 0.5575996035344059 0.6714473287465555 0.043223454701407246 0.1193375904181794
0 0.40715132378235364 0.12979632827085447 0.041214512315197994 0.12334365242388783
0 0.12682661074599655 0.30162088462009545 0.04288864708761677 0.1152360279181794
0 0.901117314758841 0.33119509526814267 0.04140583095164985 0.12568740242388782
0 0.09795160249563575 0.11163851901163557 0.043749580951649894 0.1257829029181794
0 0.8470987852966531 0.1344507350968903 0.04170482273146092 0.11265717354555793
0 0.13816207878332348 0.11506130211058141 0.03923745636839735 0.12774033942959623