0 0.486328125 0.67421875 0.0296875 0.124609375
0 0.07109375 0.830078125 0.033203125 0.1328125
0 0.394140625 0.3671875 0.030859375 0.1265625
0 0.601953125 0.15625 0.033203125 0.11796875
0 0.355078125 0.356640625 0.033203125 0.122265625
0 0.269140625 0.34609375 0.0296875 0.11796875
0 0.016015625 0.35546875 0.03203125 0.1203125
0 0.7578125 0.145703125 0.033203125 0.122265625
0 0.447265625 0.814453125 0.0296875 0.1265625
0 0.203125 0.829296875 0.030859375 0.1140625
0 0.24296875 0.817578125 0.03203125 0.124609375
0 0.36171875 0.69921875 0.03203125 0.1203125
0 0.601953125 0.348046875 0.030859375 0.1140625
0 0.802734375 0.170703125 0.030859375 0.046484375
0 0.55859375 0.16875 0.03203125 0.11796875
0 0.28046875 0.68359375 0.033203125 0.122265625
0 0.64140625 0.155078125 0.030859375 0.124609375
0 0.23828125 0.67734375 0.034375 0.1265625
0 0.4734375 0.173046875 0.02734375 0.11796875
0 0.56484375 0.348046875 0.0296875 0.1140625
0 0.283203125 0.828125 0.02734375 0.1203125
0 0.32734375 0.82265625 0.03203125 0.130859375
0 0.198828125 0.682421875 0.034375 0.128515625
0 0.819921875 0.671875 0.0296875 0.1203125
0 0.307421875 0.1625 0.033203125 0.130859375
0 0.226953125 0.354296875 0.030859375 0.122265625
0 0.1859375 0.338671875 0.0296875 0.1203125
0 0.118359375 0.5484375 0.072265625 0.06328125
0 0.610546875 0.68125 0.030859375 0.11796875
0 0.152734375 0.697265625 0.03671875 0.107421875
0 0.476953125 0.356640625 0.0296875 0.122265625
0 0.65390625 0.688671875 0.02734375 0.107421875
0 0.146484375 0.351171875 0.034375 0.11171875
0 0.321875 0.688671875 0.033203125 0.11171875
0 0.569921875 0.823828125 0.028515625 0.11171875
0 0.744140625 0.820703125 0.025 0.1140625
0 0.510546875 0.161328125 0.030859375 0.124609375
0 0.488671875 0.81953125 0.03203125 0.1203125
0 0.61171875 0.81328125 0.028515625 0.124609375
0 0.40390625 0.67421875 0.026171875 0.094921875
0 0.736328125 0.66875 0.033203125 0.13515625
0 0.3546875 0.169921875 0.0296875 0.116015625
0 0.698828125 0.823828125 0.02734375 0.1203125
0 0.708984375 0.14453125 0.030859375 0.128515625
0 0.822265625 0.8015625 0.0296875 0.109765625
0 0.31015625 0.35546875 0.030859375 0.116015625
0 0.802734375 0.14140625 0.030859375 0.109765625
0 0.27265625 0.18125 0.0390625 0.096875
0 0.51953125 0.344921875 0.03203125 0.11171875
0 0.0984375 0.167578125 0.033203125 0.1203125
0 0.40390625 0.164453125 0.030859375 0.1265625
0 0.233203125 0.0328125 0.055859375 0.065234375
0 0.66796875 0.531640625 0.069921875 0.058984375
0 0.058203125 0.163671875 0.040234375 0.1328125
0 0.65859375 0.81015625 0.02734375 0.11796875
0 0.906640625 0.14453125 0.03203125 0.1328125
0 0.17890625 0.15625 0.034375 0.1390625
0 0.219140625 0.159375 0.034375 0.128515625
0 0.13828125 0.170703125 0.03203125 0.11796875
0 0.447265625 0.68671875 0.02265625 0.103515625
0 0.570703125 0.68671875 0.02734375 0.09921875
0 0.813671875 0.36171875 0.075390625 0.05859375